0 0.3642361111111111 0.6935185185185185 0.2791666666666667 0.4925925925925926
4 0.4857638888888889 0.2199074074074074 0.275 0.41388888888888886
4 0.15555555555555556 0.5138888888888888 0.3111111111111111 0.3592592592592593
0 0.9416666666666667 0.06018518518518518 0.11666666666666667 0.12037037037037036
0 0.7211805555555556 0.887962962962963 0.11388888888888889 0.15185185185185185
0 0.01840277777777778 0.9643518518518519 0.034027777777777775 0.05277777777777778
3 0.8944444444444445 0.6324074074074074 0.2111111111111111 0.7203703703703703
2 0.6822916666666666 0.3175925925925926 0.0763888888888889 0.1935185185185185
2 0.7583333333333333 0.14074074074074075 0.05625 0.10555555555555556
0 0.7472222222222222 0.2902777777777778 0.06458333333333334 0.12407407407407407
0 0.6986111111111111 0.7611111111111111 0.07916666666666666 0.058333333333333334