2 0.7267361111111111 0.3851851851851852 0.2916666666666667 0.2916666666666667
0 0.9677083333333333 0.7527777777777778 0.06458333333333334 0.1259259259259259
0 0.6829861111111111 0.18796296296296297 0.06180555555555556 0.07685185185185185
0 0.6527777777777778 0.2671296296296296 0.03125 0.05277777777777778
0 0.6402777777777777 0.12314814814814815 0.06736111111111111 0.12962962962962962
0 0.23576388888888888 0.20601851851851852 0.09861111111111111 0.1388888888888889
0 0.08090277777777778 0.06388888888888888 0.08472222222222223 0.09814814814814815
2 0.8642361111111111 0.7893518518518519 0.1284722222222222 0.12962962962962962
4 0.7371527777777778 0.8212962962962963 0.08472222222222223 0.11666666666666667
4 0.6611111111111111 0.9541666666666667 0.06736111111111111 0.09166666666666666
4 0.2111111111111111 0.09305555555555556 0.18055555555555555 0.1824074074074074