0 0.21840277777777778 0.7236111111111111 0.06736111111111111 0.10740740740740741
0 0.16284722222222223 0.7638888888888888 0.07430555555555556 0.2462962962962963
0 0.22881944444444444 0.4671296296296296 0.07152777777777777 0.10555555555555556
0 0.25625 0.5810185185185185 0.07916666666666666 0.13333333333333333
0 0.278125 0.6768518518518518 0.07430555555555556 0.08055555555555556
0 0.55625 0.8486111111111111 0.13402777777777777 0.30277777777777776
0 0.65 0.6671296296296296 0.25625 0.3814814814814815
0 0.7395833333333334 0.3194444444444444 0.12361111111111112 0.1824074074074074
0 0.8232638888888889 0.3148148148148148 0.049305555555555554 0.075
0 0.5767361111111111 0.30925925925925923 0.15625 0.31203703703703706
0 0.40555555555555556 0.14675925925925926 0.06319444444444444 0.12962962962962962
0 0.044444444444444446 0.11296296296296296 0.05625 0.11666666666666667
0 0.044444444444444446 0.40694444444444444 0.06736111111111111 0.09814814814814815