0 0.7614583333333333 0.5569444444444445 0.47708333333333336 0.6962962962962963
0 0.38263888888888886 0.4601851851851852 0.15694444444444444 0.1527777777777778
0 0.2857638888888889 0.4625 0.05 0.06666666666666667
0 0.2652777777777778 0.5282407407407408 0.05486111111111111 0.08148148148148149
0 0.32430555555555557 0.6347222222222222 0.10208333333333333 0.10092592592592593
0 0.25416666666666665 0.6689814814814815 0.035416666666666666 0.06666666666666667
0 0.21354166666666666 0.7296296296296296 0.03888888888888889 0.05
0 0.26631944444444444 0.7541666666666667 0.0375 0.05185185185185185
0 0.22569444444444445 0.8564814814814815 0.07916666666666666 0.11388888888888889
3 0.3034722222222222 0.9685185185185186 0.14722222222222223 0.06296296296296296
3 0.7013888888888888 0.9708333333333333 0.2152777777777778 0.058333333333333334
1 0.46284722222222224 0.8351851851851851 0.08402777777777778 0.14907407407407408
1 0.5104166666666666 0.9592592592592593 0.08263888888888889 0.08148148148148149
1 0.43854166666666666 0.9569444444444445 0.06180555555555556 0.08611111111111111
4 0.08645833333333333 0.5916666666666667 0.10833333333333334 0.17037037037037037
4 0.04513888888888889 0.25092592592592594 0.09027777777777778 0.4888888888888889
2 0.15520833333333334 0.4050925925925926 0.12916666666666668 0.15092592592592594
2 0.12708333333333333 0.7143518518518519 0.11458333333333333 0.13148148148148148
2 0.04756944444444444 0.7652777777777777 0.07916666666666666 0.15555555555555556
2 0.12777777777777777 0.8782407407407408 0.11944444444444445 0.17037037037037037