2 0.3767361111111111 0.5666666666666667 0.17291666666666666 0.2824074074074074
2 0.6871527777777777 0.6842592592592592 0.3138888888888889 0.4083333333333333
2 0.8881944444444444 0.04722222222222222 0.07777777777777778 0.09444444444444444
2 0.7211805555555556 0.2564814814814815 0.08888888888888889 0.34814814814814815
0 0.315625 0.09027777777777778 0.15763888888888888 0.18055555555555555
0 0.40555555555555556 0.1398148148148148 0.05763888888888889 0.0824074074074074
0 0.7986111111111112 0.2125 0.0763888888888889 0.19166666666666668
0 0.8506944444444444 0.5157407407407407 0.052083333333333336 0.0712962962962963
0 0.9288194444444444 0.6240740740740741 0.13125 0.30648148148148147
4 0.2746527777777778 0.2300925925925926 0.07777777777777778 0.15648148148148147
4 0.7583333333333333 0.0875 0.04513888888888889 0.06944444444444445
4 0.19236111111111112 0.04722222222222222 0.08888888888888889 0.06574074074074074
4 0.22604166666666667 0.9643518518518519 0.06875 0.0712962962962963