0 0.6357638888888889 0.30648148148148147 0.2791666666666667 0.4925925925925926
4 0.5142361111111111 0.7800925925925926 0.275 0.41388888888888886
4 0.8444444444444444 0.4861111111111111 0.3111111111111111 0.3592592592592593
0 0.058333333333333334 0.9398148148148148 0.11666666666666667 0.12037037037037036
0 0.27881944444444445 0.11203703703703703 0.11388888888888889 0.15185185185185185
0 0.9815972222222222 0.03564814814814815 0.034027777777777775 0.05277777777777778
3 0.10555555555555556 0.3675925925925926 0.2111111111111111 0.7203703703703703
2 0.3177083333333333 0.6824074074074075 0.0763888888888889 0.1935185185185185
2 0.24166666666666667 0.8592592592592593 0.05625 0.10555555555555556
0 0.25277777777777777 0.7097222222222223 0.06458333333333334 0.12407407407407407
0 0.3013888888888889 0.2388888888888889 0.07916666666666666 0.058333333333333334