4 0.5177083333333333 0.28194444444444444 0.2 0.31203703703703706
0 0.6274305555555556 0.2972222222222222 0.06597222222222222 0.1537037037037037
0 0.5590277777777778 0.7509259259259259 0.33125 0.41759259259259257
4 0.7465277777777778 0.6430555555555556 0.10694444444444444 0.16203703703703703
4 0.665625 0.5902777777777778 0.09027777777777778 0.0962962962962963
0 0.6881944444444444 0.05277777777777778 0.09166666666666666 0.10555555555555556
0 0.01840277777777778 0.8449074074074074 0.03680555555555556 0.21574074074074073
0 0.07326388888888889 0.8402777777777778 0.075 0.2462962962962963
2 0.29930555555555555 0.06388888888888888 0.18472222222222223 0.12777777777777777
0 0.21180555555555555 0.043055555555555555 0.04236111111111111 0.06018518518518518
0 0.23159722222222223 0.09768518518518518 0.03819444444444445 0.049074074074074076
0 0.90625 0.6833333333333333 0.14097222222222222 0.23148148148148148
2 0.7288194444444445 0.2773148148148148 0.04097222222222222 0.08796296296296297