0 0.2142361111111111 0.7791666666666667 0.27291666666666664 0.44166666666666665
0 0.07465277777777778 0.961574074074074 0.06180555555555556 0.07685185185185185
0 0.4597222222222222 0.700925925925926 0.1986111111111111 0.3175925925925926
0 0.5190972222222222 0.9115740740740741 0.18055555555555555 0.17685185185185184
0 0.5923611111111111 0.5337962962962963 0.23680555555555555 0.34814814814814815
0 0.5260416666666666 0.20879629629629629 0.17777777777777778 0.33796296296296297
0 0.3402777777777778 0.4888888888888889 0.08888888888888889 0.10555555555555556
0 0.21180555555555555 0.4462962962962963 0.06736111111111111 0.19537037037037036
0 0.16041666666666668 0.387037037037037 0.05486111111111111 0.10555555555555556
0 0.3416666666666667 0.058333333333333334 0.07013888888888889 0.10185185185185185
0 0.6711805555555556 0.16805555555555557 0.10138888888888889 0.175