4 0.8430555555555556 0.6708333333333333 0.30833333333333335 0.6444444444444445
0 0.5822916666666667 0.6342592592592593 0.11527777777777778 0.16574074074074074
0 0.5493055555555556 0.5300925925925926 0.11805555555555555 0.19907407407407407
0 0.4170138888888889 0.5375 0.15763888888888888 0.2861111111111111
0 0.2881944444444444 0.8009259259259259 0.13541666666666666 0.21203703703703702
0 0.428125 0.8166666666666667 0.12986111111111112 0.2064814814814815
0 0.5663194444444445 0.8291666666666667 0.13541666666666666 0.20277777777777778
0 0.6684027777777778 0.7726851851851851 0.09583333333333334 0.15555555555555556
0 0.25972222222222224 0.6032407407407407 0.09722222222222222 0.16944444444444445
0 0.34097222222222223 0.2490740740740741 0.13402777777777777 0.14814814814814814
0 0.6034722222222222 0.15046296296296297 0.1875 0.2861111111111111
0 0.734375 0.3282407407407407 0.15347222222222223 0.24074074074074073
0 0.8128472222222223 0.16342592592592592 0.050694444444444445 0.0962962962962963
2 0.2590277777777778 0.15787037037037038 0.09027777777777778 0.12222222222222222
0 0.3663194444444444 0.961574074074074 0.20416666666666666 0.07685185185185185