0 0.7690972222222222 0.4222222222222222 0.2673611111111111 0.5277777777777778
4 0.765625 0.1398148148148148 0.08194444444444444 0.22037037037037038
4 0.871875 0.3282407407407407 0.1 0.10185185185185185
4 0.3375 0.5481481481481482 0.08611111111111111 0.1259259259259259
4 0.2677083333333333 0.4828703703703704 0.07013888888888889 0.08611111111111111
4 0.25972222222222224 0.7199074074074074 0.08333333333333333 0.10740740740740741
2 0.28888888888888886 0.22175925925925927 0.0763888888888889 0.37407407407407406
0 0.21909722222222222 0.32685185185185184 0.10416666666666667 0.20462962962962963
0 0.178125 0.02361111111111111 0.04097222222222222 0.04722222222222222
2 0.25277777777777777 0.034722222222222224 0.075 0.06944444444444445
2 0.13090277777777778 0.6157407407407407 0.10833333333333334 0.17685185185185184
0 0.043055555555555555 0.7018518518518518 0.08611111111111111 0.16574074074074074