4 0.15347222222222223 0.663425925925926 0.30694444444444446 0.6407407407407407
4 0.1371527777777778 0.1962962962962963 0.19166666666666668 0.23148148148148148
0 0.24027777777777778 0.9342592592592592 0.11388888888888889 0.13148148148148148
0 0.33368055555555554 0.9773148148148149 0.08611111111111111 0.04537037037037037
0 0.39652777777777776 0.7189814814814814 0.12708333333333333 0.14629629629629629
0 0.4444444444444444 0.812037037037037 0.1111111111111111 0.2222222222222222
0 0.5829861111111111 0.8300925925925926 0.15486111111111112 0.26666666666666666
0 0.5274305555555555 0.5675925925925925 0.07916666666666666 0.1537037037037037
0 0.41631944444444446 0.5263888888888889 0.11805555555555555 0.19166666666666668
0 0.44513888888888886 0.31203703703703706 0.10416666666666667 0.22962962962962963
0 0.45416666666666666 0.09027777777777778 0.12222222222222222 0.18055555555555555
0 0.5774305555555556 0.49537037037037035 0.08333333333333333 0.14074074074074075
0 0.6618055555555555 0.55 0.12569444444444444 0.2462962962962963
0 0.6416666666666667 0.3300925925925926 0.11944444444444445 0.175
0 0.6611111111111111 0.09953703703703703 0.12222222222222222 0.14074074074074075
0 0.7746527777777777 0.45416666666666666 0.08333333333333333 0.1675925925925926
0 0.7371527777777778 0.7319444444444444 0.10972222222222222 0.16018518518518518