0 0.08715277777777777 0.9587962962962963 0.07777777777777778 0.0824074074074074
0 0.03819444444444445 0.9333333333333333 0.04097222222222222 0.0824074074074074
0 0.85625 0.6449074074074074 0.21944444444444444 0.32314814814814813
0 0.6350694444444445 0.30185185185185187 0.13819444444444445 0.2796296296296296
0 0.7649305555555556 0.04675925925925926 0.13541666666666666 0.09351851851851851
0 0.6204861111111111 0.07222222222222222 0.09027777777777778 0.1037037037037037
0 0.4048611111111111 0.2564814814814815 0.06458333333333334 0.11481481481481481
0 0.5027777777777778 0.3675925925925926 0.1125 0.16574074074074074
0 0.32881944444444444 0.43703703703703706 0.1125 0.16944444444444445
0 0.3302083333333333 0.2388888888888889 0.06597222222222222 0.12777777777777777
0 0.26840277777777777 0.22175925925925927 0.07916666666666666 0.17685185185185184
0 0.1625 0.16805555555555557 0.09166666666666666 0.23703703703703705
0 0.05555555555555555 0.2884259259259259 0.09444444444444444 0.20092592592592592
3 0.2725694444444444 0.850462962962963 0.28194444444444444 0.29907407407407405
4 0.628125 0.7453703703703703 0.17430555555555555 0.24259259259259258
4 0.4083333333333333 0.6129629629629629 0.10416666666666667 0.1638888888888889
4 0.8916666666666667 0.8319444444444445 0.21666666666666667 0.3138888888888889