0 0.9128472222222223 0.0412037037037037 0.07777777777777778 0.0824074074074074
0 0.9618055555555556 0.06666666666666667 0.04097222222222222 0.0824074074074074
0 0.14375 0.35509259259259257 0.21944444444444444 0.32314814814814813
0 0.36493055555555554 0.6981481481481482 0.13819444444444445 0.2796296296296296
0 0.23506944444444444 0.9532407407407407 0.13541666666666666 0.09351851851851851
0 0.3795138888888889 0.9277777777777778 0.09027777777777778 0.1037037037037037
0 0.5951388888888889 0.7435185185185185 0.06458333333333334 0.11481481481481481
0 0.49722222222222223 0.6324074074074074 0.1125 0.16574074074074074
0 0.6711805555555556 0.562962962962963 0.1125 0.16944444444444445
0 0.6697916666666667 0.7611111111111111 0.06597222222222222 0.12777777777777777
0 0.7315972222222222 0.7782407407407408 0.07916666666666666 0.17685185185185184
0 0.8375 0.8319444444444445 0.09166666666666666 0.23703703703703705
0 0.9444444444444444 0.711574074074074 0.09444444444444444 0.20092592592592592
3 0.7274305555555556 0.14953703703703702 0.28194444444444444 0.29907407407407405
4 0.371875 0.25462962962962965 0.17430555555555555 0.24259259259259258
4 0.5916666666666667 0.387037037037037 0.10416666666666667 0.1638888888888889
4 0.10833333333333334 0.16805555555555557 0.21666666666666667 0.3138888888888889