4 0.19027777777777777 0.1550925925925926 0.38055555555555554 0.3101851851851852
0 0.30104166666666665 0.825462962962963 0.3138888888888889 0.3490740740740741
0 0.6732638888888889 0.23796296296296296 0.15555555555555556 0.1527777777777778
0 0.7711805555555555 0.23287037037037037 0.05347222222222222 0.06851851851851852
0 0.7927083333333333 0.17222222222222222 0.07430555555555556 0.08148148148148149
0 0.7288194444444445 0.06805555555555555 0.10208333333333333 0.10555555555555556
4 0.9579861111111111 0.1712962962962963 0.08402777777777778 0.2
0 0.796875 0.032407407407407406 0.05 0.06481481481481481
2 0.8972222222222223 0.3384259259259259 0.12430555555555556 0.1037037037037037
2 0.934375 0.056018518518518516 0.11458333333333333 0.11203703703703703
2 0.9732638888888889 0.9569444444444445 0.05347222222222222 0.08611111111111111