4 0.8170138888888889 0.27361111111111114 0.34930555555555554 0.5398148148148149
4 0.8125 0.6305555555555555 0.1673611111111111 0.2101851851851852
4 0.9725694444444445 0.725462962962963 0.05486111111111111 0.15555555555555556
2 0.8163194444444445 0.8449074074074074 0.04652777777777778 0.10185185185185185
0 0.9704861111111112 0.0412037037037037 0.059027777777777776 0.0824074074074074
0 0.7048611111111112 0.016203703703703703 0.08055555555555556 0.02962962962962963
0 0.4027777777777778 0.04583333333333333 0.13680555555555557 0.09166666666666666
0 0.4548611111111111 0.20277777777777778 0.0763888888888889 0.13148148148148148
0 0.40208333333333335 0.24074074074074073 0.075 0.13518518518518519
0 0.3211805555555556 0.20185185185185187 0.1111111111111111 0.19907407407407407
0 0.3451388888888889 0.3958333333333333 0.10694444444444444 0.16018518518518518
0 0.328125 0.6398148148148148 0.1111111111111111 0.14074074074074075
0 0.2232638888888889 0.7245370370370371 0.10694444444444444 0.13518518518518519
0 0.5267361111111111 0.43425925925925923 0.10277777777777777 0.1935185185185185
0 0.5611111111111111 0.14074074074074075 0.10277777777777777 0.1638888888888889
0 0.5458333333333333 0.27361111111111114 0.12708333333333333 0.07685185185185185
0 0.6822916666666666 0.3921296296296296 0.12569444444444444 0.34629629629629627
0 0.4951388888888889 0.7018518518518518 0.06736111111111111 0.12222222222222222
0 0.21284722222222222 0.1361111111111111 0.08055555555555556 0.10740740740740741
0 0.22256944444444443 0.3365740740740741 0.06458333333333334 0.1111111111111111
0 0.2642361111111111 0.5291666666666667 0.10972222222222222 0.08796296296296297
0 0.18819444444444444 0.5657407407407408 0.1 0.08425925925925926