0 0.5993055555555555 0.24537037037037038 0.19583333333333333 0.4101851851851852
0 0.5027777777777778 0.4726851851851852 0.12569444444444444 0.18611111111111112
0 0.35694444444444445 0.7736111111111111 0.21805555555555556 0.4527777777777778
0 0.8902777777777777 0.16805555555555557 0.21944444444444444 0.33240740740740743
0 0.3597222222222222 0.30092592592592593 0.09166666666666666 0.18611111111111112
2 0.3111111111111111 0.2810185185185185 0.05486111111111111 0.12777777777777777
3 0.21180555555555555 0.47824074074074074 0.22083333333333333 0.35
4 0.06284722222222222 0.8986111111111111 0.12569444444444444 0.20277777777777778
4 0.16770833333333332 0.8282407407407407 0.10555555555555556 0.12777777777777777
4 0.09375 0.6944444444444444 0.17430555555555555 0.20277777777777778
4 0.278125 0.1486111111111111 0.1423611111111111 0.2972222222222222