4 0.8430555555555556 0.32916666666666666 0.30833333333333335 0.6444444444444445
0 0.5822916666666667 0.36574074074074076 0.11527777777777778 0.16574074074074074
0 0.5493055555555556 0.4699074074074074 0.11805555555555555 0.19907407407407407
0 0.4170138888888889 0.4625 0.15763888888888888 0.2861111111111111
0 0.2881944444444444 0.19907407407407407 0.13541666666666666 0.21203703703703702
0 0.428125 0.18333333333333332 0.12986111111111112 0.2064814814814815
0 0.5663194444444445 0.17083333333333334 0.13541666666666666 0.20277777777777778
0 0.6684027777777778 0.2273148148148148 0.09583333333333334 0.15555555555555556
0 0.25972222222222224 0.39675925925925926 0.09722222222222222 0.16944444444444445
0 0.34097222222222223 0.7509259259259259 0.13402777777777777 0.14814814814814814
0 0.6034722222222222 0.8495370370370371 0.1875 0.2861111111111111
0 0.734375 0.6717592592592593 0.15347222222222223 0.24074074074074073
0 0.8128472222222223 0.836574074074074 0.050694444444444445 0.0962962962962963
2 0.2590277777777778 0.8421296296296297 0.09027777777777778 0.12222222222222222
0 0.3663194444444444 0.038425925925925926 0.20416666666666666 0.07685185185185185