0 0.34375 0.18425925925925926 0.14791666666666667 0.3138888888888889
0 0.1295138888888889 0.4736111111111111 0.2590277777777778 0.4546296296296296
0 0.3013888888888889 0.6532407407407408 0.2659722222222222 0.44537037037037036
0 0.39861111111111114 0.4699074074074074 0.06319444444444444 0.1
0 0.6104166666666667 0.4726851851851852 0.09166666666666666 0.12037037037037036
0 0.7125 0.4842592592592593 0.09861111111111111 0.11481481481481481
0 0.684375 0.3384259259259259 0.12708333333333333 0.1037037037037037
0 0.6034722222222222 0.32222222222222224 0.05625 0.1037037037037037
0 0.5850694444444444 0.21342592592592594 0.06041666666666667 0.08796296296296297
0 0.48715277777777777 0.10231481481481482 0.11666666666666667 0.10555555555555556
0 0.6965277777777777 0.1175925925925926 0.19305555555555556 0.2351851851851852
0 0.9534722222222223 0.2763888888888889 0.09305555555555556 0.2972222222222222
0 0.7190972222222223 0.6361111111111111 0.13680555555555557 0.15833333333333333
0 0.8267361111111111 0.475462962962963 0.10277777777777777 0.12222222222222222
0 0.8875 0.03657407407407407 0.05763888888888889 0.07314814814814814
4 0.8875 0.7837962962962963 0.2111111111111111 0.41388888888888886
4 0.06701388888888889 0.9106481481481481 0.12083333333333333 0.1787037037037037