0 0.21909722222222222 0.6708333333333333 0.12361111111111112 0.2388888888888889
0 0.3486111111111111 0.5101851851851852 0.2013888888888889 0.35185185185185186
0 0.6177083333333333 0.48194444444444445 0.16458333333333333 0.1638888888888889
0 0.23020833333333332 0.1597222222222222 0.07152777777777777 0.08981481481481482
0 0.6104166666666667 0.8898148148148148 0.19583333333333333 0.22037037037037038
0 0.41770833333333335 0.9259259259259259 0.14791666666666667 0.14814814814814814
0 0.7663194444444444 0.8870370370370371 0.10833333333333334 0.22592592592592592
0 0.16631944444444444 0.8449074074074074 0.3326388888888889 0.30277777777777776
4 0.6871527777777777 0.10787037037037037 0.23125 0.21574074074074073
2 0.7128472222222222 0.32407407407407407 0.1111111111111111 0.15555555555555556
0 0.14652777777777778 0.46435185185185185 0.052083333333333336 0.12222222222222222