4 0.228125 0.0912037037037037 0.14097222222222222 0.1712962962962963
4 0.058333333333333334 0.15231481481481482 0.07291666666666667 0.14444444444444443
2 0.178125 0.4462962962962963 0.10138888888888889 0.18425925925925926
2 0.030208333333333334 0.2791666666666667 0.04375 0.07685185185185185
2 0.47604166666666664 0.9453703703703704 0.07777777777777778 0.10925925925925926
2 0.3642361111111111 0.4828703703703704 0.09027777777777778 0.1037037037037037
0 0.5972222222222222 0.8805555555555555 0.12083333333333333 0.15185185185185185
0 0.5649305555555556 0.5162037037037037 0.10277777777777777 0.1425925925925926
0 0.5493055555555556 0.6680555555555555 0.06875 0.11666666666666667
0 0.48715277777777777 0.549074074074074 0.059027777777777776 0.10925925925925926
0 0.8371527777777777 0.788425925925926 0.10138888888888889 0.11296296296296296
0 0.8815972222222223 0.5828703703703704 0.03958333333333333 0.0962962962962963
2 0.8902777777777777 0.07916666666666666 0.09027777777777778 0.15185185185185185