3 0.15208333333333332 0.27824074074074073 0.30416666666666664 0.5092592592592593
3 0.5472222222222223 0.12962962962962962 0.1986111111111111 0.24444444444444444
1 0.38090277777777776 0.06111111111111111 0.08194444444444444 0.11851851851851852
1 0.44375 0.06666666666666667 0.06041666666666667 0.13333333333333333
0 0.6649305555555556 0.09027777777777778 0.04791666666666667 0.0787037037037037
0 0.5253472222222222 0.8523148148148149 0.14930555555555555 0.21574074074074073
0 0.7548611111111111 0.887962962962963 0.06319444444444444 0.0824074074074074
3 0.6225694444444444 0.937962962962963 0.35208333333333336 0.12407407407407407
3 0.6711805555555556 0.6898148148148148 0.175 0.2953703703703704
3 0.7895833333333333 0.8768518518518519 0.08333333333333333 0.19166666666666668
2 0.5239583333333333 0.600462962962963 0.14652777777777778 0.21851851851851853
4 0.8746527777777777 0.7902777777777777 0.07291666666666667 0.13518518518518519
2 0.8909722222222223 0.8851851851851852 0.18472222222222223 0.22962962962962963
2 0.9458333333333333 0.1449074074074074 0.10833333333333334 0.26851851851851855
2 0.79375 0.02824074074074074 0.06736111111111111 0.05277777777777778
2 0.7322916666666667 0.07222222222222222 0.09444444444444444 0.13703703703703704