4 0.34375 0.825 0.21944444444444444 0.35
4 0.7520833333333333 0.7972222222222223 0.24097222222222223 0.40555555555555556
2 0.6232638888888888 0.4060185185185185 0.32083333333333336 0.32314814814814813
2 0.35138888888888886 0.3476851851851852 0.15208333333333332 0.26851851851851855
4 0.2534722222222222 0.08287037037037037 0.0763888888888889 0.12962962962962962
2 0.6649305555555556 0.12407407407407407 0.08888888888888889 0.21574074074074073
0 0.7388888888888889 0.07037037037037037 0.07777777777777778 0.14074074074074075
0 0.7815972222222223 0.3101851851851852 0.04513888888888889 0.06574074074074074
0 0.9302083333333333 0.27361111111111114 0.04097222222222222 0.04722222222222222
0 0.8663194444444444 0.3958333333333333 0.14930555555555555 0.20833333333333334
0 0.9850694444444444 0.22453703703703703 0.029861111111111113 0.13148148148148148
0 0.9576388888888889 0.7351851851851852 0.07430555555555556 0.21851851851851853