4 0.8430555555555556 0.4925925925925926 0.3138888888888889 0.9268518518518518
3 0.3388888888888889 0.6092592592592593 0.4673611111111111 0.6898148148148148
3 0.34305555555555556 0.9550925925925926 0.10555555555555556 0.0824074074074074
0 0.5364583333333334 0.9189814814814815 0.10555555555555556 0.11481481481481481
0 0.5541666666666667 0.7601851851851852 0.07291666666666667 0.14814814814814814
0 0.6409722222222223 0.8319444444444445 0.06875 0.20833333333333334
0 0.7458333333333333 0.13240740740740742 0.17430555555555555 0.26481481481481484
0 0.6253472222222223 0.29212962962962963 0.06180555555555556 0.09166666666666666
0 0.24375 0.03657407407407407 0.09583333333333334 0.07314814814814814
0 0.017013888888888887 0.7027777777777777 0.034027777777777775 0.12777777777777777
0 0.55625 0.08101851851851852 0.11805555555555555 0.16203703703703703
4 0.31840277777777776 0.11388888888888889 0.1 0.15555555555555556
4 0.4635416666666667 0.06388888888888888 0.07291666666666667 0.12407407407407407
0 0.02673611111111111 0.21898148148148147 0.05347222222222222 0.1537037037037037