4 0.1829861111111111 0.7263888888888889 0.34930555555555554 0.5398148148148149
4 0.1875 0.36944444444444446 0.1673611111111111 0.2101851851851852
4 0.027430555555555555 0.274537037037037 0.05486111111111111 0.15555555555555556
2 0.18368055555555557 0.1550925925925926 0.04652777777777778 0.10185185185185185
0 0.029513888888888888 0.9587962962962963 0.059027777777777776 0.0824074074074074
0 0.2951388888888889 0.9837962962962963 0.08055555555555556 0.02962962962962963
0 0.5972222222222222 0.9541666666666667 0.13680555555555557 0.09166666666666666
0 0.5451388888888888 0.7972222222222223 0.0763888888888889 0.13148148148148148
0 0.5979166666666667 0.7592592592592593 0.075 0.13518518518518519
0 0.6788194444444444 0.7981481481481482 0.1111111111111111 0.19907407407407407
0 0.6548611111111111 0.6041666666666666 0.10694444444444444 0.16018518518518518
0 0.671875 0.36018518518518516 0.1111111111111111 0.14074074074074075
0 0.7767361111111111 0.27546296296296297 0.10694444444444444 0.13518518518518519
0 0.4732638888888889 0.5657407407407408 0.10277777777777777 0.1935185185185185
0 0.4388888888888889 0.8592592592592593 0.10277777777777777 0.1638888888888889
0 0.45416666666666666 0.7263888888888889 0.12708333333333333 0.07685185185185185
0 0.3177083333333333 0.6078703703703704 0.12569444444444444 0.34629629629629627
0 0.5048611111111111 0.29814814814814816 0.06736111111111111 0.12222222222222222
0 0.7871527777777778 0.8638888888888889 0.08055555555555556 0.10740740740740741
0 0.7774305555555555 0.663425925925926 0.06458333333333334 0.1111111111111111
0 0.7357638888888889 0.4708333333333333 0.10972222222222222 0.08796296296296297
0 0.8118055555555556 0.43425925925925923 0.1 0.08425925925925926