0 0.12256944444444444 0.5745370370370371 0.10416666666666667 0.12962962962962962
0 0.20625 0.3958333333333333 0.1076388888888889 0.1111111111111111
0 0.2513888888888889 0.5111111111111111 0.1125 0.11296296296296296
0 0.3090277777777778 0.375 0.11041666666666666 0.125
0 0.3590277777777778 0.20277777777777778 0.1 0.125
0 0.271875 0.25462962962962965 0.10486111111111111 0.06111111111111111
0 0.20694444444444443 0.16666666666666666 0.08055555555555556 0.08703703703703704
0 0.030208333333333334 0.30925925925925923 0.06041666666666667 0.12685185185185185
0 0.5402777777777777 0.13518518518518519 0.11944444444444445 0.1537037037037037
0 0.6576388888888889 0.32407407407407407 0.06388888888888888 0.09444444444444444
0 0.3645833333333333 0.9583333333333334 0.1625 0.08333333333333333
0 0.8090277777777778 0.27361111111111114 0.06388888888888888 0.08888888888888889
0 0.7166666666666667 0.20277777777777778 0.14097222222222222 0.17962962962962964
0 0.8583333333333333 0.13935185185185187 0.11180555555555556 0.18333333333333332
4 0.14548611111111112 0.8810185185185185 0.09861111111111111 0.23796296296296296
4 0.9635416666666666 0.18981481481481483 0.07291666666666667 0.2462962962962963
2 0.18784722222222222 0.836574074074074 0.13194444444444445 0.2037037037037037