4 0.38819444444444445 0.6092592592592593 0.20972222222222223 0.7814814814814814
4 0.7430555555555556 0.6324074074074074 0.22847222222222222 0.7351851851851852
4 0.065625 0.49166666666666664 0.07916666666666666 0.1111111111111111
4 0.25555555555555554 0.49907407407407406 0.04791666666666667 0.0787037037037037
2 0.08506944444444445 0.6708333333333333 0.08472222222222223 0.13333333333333333
2 0.3888888888888889 0.0875 0.12569444444444444 0.175
2 0.6430555555555556 0.11944444444444445 0.2590277777777778 0.2388888888888889
0 0.8534722222222222 0.1259259259259259 0.13958333333333334 0.1675925925925926
0 0.784375 0.0712962962962963 0.03680555555555556 0.058333333333333334
0 0.9802083333333333 0.03194444444444444 0.03958333333333333 0.06388888888888888
0 0.9569444444444445 0.41435185185185186 0.05625 0.20833333333333334