2 0.31493055555555555 0.21435185185185185 0.21944444444444444 0.31574074074074077
0 0.4395833333333333 0.2490740740740741 0.04097222222222222 0.12222222222222222
0 0.7506944444444444 0.22916666666666666 0.10694444444444444 0.2101851851851852
0 0.052083333333333336 0.13148148148148148 0.10416666666666667 0.24074074074074073
0 0.20069444444444445 0.2884259259259259 0.05347222222222222 0.06944444444444445
0 0.23368055555555556 0.3476851851851852 0.04791666666666667 0.06388888888888888
4 0.5465277777777777 0.5666666666666667 0.23819444444444443 0.3888888888888889
4 0.6149305555555555 0.8495370370370371 0.08194444444444444 0.0962962962962963
4 0.6895833333333333 0.8731481481481481 0.08611111111111111 0.1259259259259259
4 0.7739583333333333 0.9125 0.12083333333333333 0.175
0 0.5576388888888889 0.9398148148148148 0.19444444444444445 0.12037037037037036
2 0.6704861111111111 0.9736111111111111 0.07777777777777778 0.05277777777777778
2 0.7663194444444444 0.5328703703703703 0.05625 0.10185185185185185
0 0.6625 0.6087962962962963 0.08333333333333333 0.18796296296296297
2 0.6388888888888888 0.15231481481481482 0.08333333333333333 0.15555555555555556
0 0.9048611111111111 0.9222222222222223 0.125 0.15185185185185185