0 0.65625 0.8157407407407408 0.14791666666666667 0.3138888888888889
0 0.8704861111111111 0.5263888888888889 0.2590277777777778 0.4546296296296296
0 0.6986111111111111 0.34675925925925927 0.2659722222222222 0.44537037037037036
0 0.6013888888888889 0.5300925925925926 0.06319444444444444 0.1
0 0.38958333333333334 0.5273148148148148 0.09166666666666666 0.12037037037037036
0 0.2875 0.5157407407407407 0.09861111111111111 0.11481481481481481
0 0.315625 0.6615740740740741 0.12708333333333333 0.1037037037037037
0 0.39652777777777776 0.6777777777777778 0.05625 0.1037037037037037
0 0.4149305555555556 0.7865740740740741 0.06041666666666667 0.08796296296296297
0 0.5128472222222222 0.8976851851851851 0.11666666666666667 0.10555555555555556
0 0.3034722222222222 0.8824074074074074 0.19305555555555556 0.2351851851851852
0 0.04652777777777778 0.7236111111111111 0.09305555555555556 0.2972222222222222
0 0.2809027777777778 0.3638888888888889 0.13680555555555557 0.15833333333333333
0 0.17326388888888888 0.524537037037037 0.10277777777777777 0.12222222222222222
0 0.1125 0.9634259259259259 0.05763888888888889 0.07314814814814814
4 0.1125 0.2162037037037037 0.2111111111111111 0.41388888888888886
4 0.9329861111111111 0.08935185185185185 0.12083333333333333 0.1787037037037037