0 0.20277777777777778 0.8722222222222222 0.13958333333333334 0.25555555555555554
0 0.1 0.8240740740740741 0.05763888888888889 0.2611111111111111
0 0.1684027777777778 0.5064814814814815 0.08194444444444444 0.13333333333333333
0 0.1857638888888889 0.6449074074074074 0.075 0.14444444444444443
0 0.33368055555555554 0.6898148148148148 0.05625 0.10555555555555556
0 0.5430555555555555 0.4444444444444444 0.18472222222222223 0.37777777777777777
0 0.6239583333333333 0.8009259259259259 0.1875 0.3287037037037037
0 0.5128472222222222 0.9453703703703704 0.07291666666666667 0.10925925925925926
0 0.7118055555555556 0.45416666666666666 0.1326388888888889 0.2222222222222222
0 0.8013888888888889 0.47824074074074074 0.05763888888888889 0.08055555555555556
0 0.3548611111111111 0.17777777777777778 0.06597222222222222 0.1259259259259259
0 0.015625 0.3768518518518518 0.03125 0.1111111111111111
0 0.017013888888888887 0.05555555555555555 0.034027777777777775 0.1