2 0.6416666666666667 0.46805555555555556 0.2423611111111111 0.2861111111111111
4 0.6336805555555556 0.7902777777777777 0.21805555555555556 0.2518518518518518
0 0.9458333333333333 0.6185185185185185 0.10833333333333334 0.21851851851851853
0 0.19722222222222222 0.399537037037037 0.12569444444444444 0.20462962962962963
4 0.41909722222222223 0.14953703703703702 0.2326388888888889 0.29907407407407405
0 0.2951388888888889 0.8578703703703704 0.11944444444444445 0.1388888888888889
0 0.3541666666666667 0.7407407407407407 0.06736111111111111 0.09166666666666666
0 0.3909722222222222 0.6662037037037037 0.05625 0.08425925925925926
2 0.3 0.5226851851851851 0.07430555555555556 0.16203703703703703
0 0.3020833333333333 0.05462962962962963 0.06736111111111111 0.09444444444444444
2 0.2 0.13703703703703704 0.049305555555555554 0.10185185185185185
0 0.7486111111111111 0.9259259259259259 0.10277777777777777 0.14814814814814814