0 0.25555555555555554 0.07407407407407407 0.16319444444444445 0.14814814814814814
0 0.3909722222222222 0.06018518518518518 0.14097222222222222 0.12037037037037036
0 0.44305555555555554 0.24537037037037038 0.125 0.18055555555555555
0 0.3375 0.20277777777777778 0.07777777777777778 0.08796296296296297
0 0.2746527777777778 0.35138888888888886 0.10277777777777777 0.10740740740740741
0 0.234375 0.5648148148148148 0.12361111111111112 0.17685185185185184
0 0.171875 0.5162037037037037 0.05347222222222222 0.06944444444444445
0 0.10347222222222222 0.6861111111111111 0.09444444444444444 0.13148148148148148
0 0.3753472222222222 0.7361111111111112 0.06041666666666667 0.0824074074074074
0 0.4329861111111111 0.6560185185185186 0.03819444444444445 0.0824074074074074
0 0.42465277777777777 0.5731481481481482 0.08472222222222223 0.08425925925925926
0 0.3506944444444444 0.5310185185185186 0.07916666666666666 0.11296296296296296
0 0.6541666666666667 0.6587962962962963 0.16875 0.19722222222222222
0 0.5809027777777778 0.5555555555555556 0.13958333333333334 0.13333333333333333
0 0.8555555555555555 0.15231481481481482 0.06736111111111111 0.11851851851851852
0 0.8965277777777778 0.09953703703703703 0.08888888888888889 0.1259259259259259
0 0.8135416666666667 0.043055555555555555 0.08194444444444444 0.0787037037037037
0 0.9416666666666667 0.34953703703703703 0.07013888888888889 0.09351851851851851
0 0.7663194444444444 0.49722222222222223 0.08611111111111111 0.14074074074074075
0 0.6704861111111111 0.8282407407407407 0.31666666666666665 0.3435185185185185
0 0.5142361111111111 0.7481481481481481 0.08888888888888889 0.11296296296296296
0 0.3142361111111111 0.9407407407407408 0.11388888888888889 0.11851851851851852
4 0.23020833333333332 0.9587962962962963 0.06319444444444444 0.0824074074074074