0 0.6625 0.6842592592592592 0.26458333333333334 0.6166666666666667
0 0.3888888888888889 0.8912037037037037 0.1423611111111111 0.2101851851851852
0 0.3923611111111111 0.5310185185185186 0.1875 0.4564814814814815
4 0.13958333333333334 0.5046296296296297 0.11527777777777778 0.18055555555555555
4 0.22118055555555555 0.6833333333333333 0.06458333333333334 0.16574074074074074
4 0.2951388888888889 0.8231481481481482 0.075 0.13518518518518519
0 0.9430555555555555 0.8949074074074074 0.10555555555555556 0.2101851851851852
0 0.8711805555555555 0.9490740740740741 0.08472222222222223 0.10185185185185185
0 0.8923611111111112 0.8175925925925925 0.07777777777777778 0.09166666666666666
3 0.7204861111111112 0.10694444444444444 0.2520833333333333 0.21388888888888888
3 0.5034722222222222 0.09490740740740741 0.3111111111111111 0.18981481481481483
3 0.34652777777777777 0.23194444444444445 0.1284722222222222 0.1675925925925926
3 0.23506944444444444 0.3458333333333333 0.11666666666666667 0.2824074074074074
3 0.06493055555555556 0.22083333333333333 0.07777777777777778 0.1388888888888889
0 0.22743055555555555 0.06388888888888888 0.05763888888888889 0.08796296296296297
4 0.328125 0.06944444444444445 0.12986111111111112 0.1388888888888889
0 0.17881944444444445 0.9472222222222222 0.12708333333333333 0.10555555555555556
2 0.017708333333333333 0.37962962962962965 0.035416666666666666 0.058333333333333334
2 0.05694444444444444 0.3476851851851852 0.04791666666666667 0.05648148148148148