4 0.17673611111111112 0.3421296296296296 0.15625 0.19166666666666668
4 0.15208333333333332 0.15231481481481482 0.2902777777777778 0.30462962962962964
4 0.025347222222222222 0.4532407407407407 0.050694444444444445 0.15833333333333333
2 0.3416666666666667 0.7708333333333334 0.10277777777777777 0.1259259259259259
0 0.3013888888888889 0.14675925925925926 0.16458333333333333 0.2537037037037037
0 0.4267361111111111 0.08194444444444444 0.1 0.1388888888888889
0 0.534375 0.2611111111111111 0.04097222222222222 0.06944444444444445
0 0.46284722222222224 0.325 0.05486111111111111 0.08055555555555556
0 0.6076388888888888 0.20601851851851852 0.09722222222222222 0.12777777777777777
0 0.7295138888888889 0.2351851851851852 0.05625 0.08796296296296297
0 0.7895833333333333 0.24259259259259258 0.07291666666666667 0.12037037037037036
0 0.7822916666666667 0.3347222222222222 0.035416666666666666 0.04537037037037037
0 0.6809027777777777 0.25833333333333336 0.10138888888888889 0.1111111111111111
0 0.6788194444444444 0.12407407407407407 0.05347222222222222 0.07314814814814814
0 0.6302083333333334 0.09768518518518518 0.04652777777777778 0.06018518518518518
0 0.6083333333333333 0.024537037037037038 0.12569444444444444 0.041666666666666664
0 0.5128472222222222 0.8541666666666666 0.12986111111111112 0.1787037037037037
0 0.8767361111111112 0.8277777777777777 0.05763888888888889 0.09351851851851851
2 0.8753472222222223 0.2902777777777778 0.0875 0.1675925925925926