3 0.8170138888888889 0.49166666666666664 0.3659722222222222 0.4759259259259259
3 0.41631944444444446 0.42685185185185187 0.22708333333333333 0.4083333333333333
4 0.20208333333333334 0.06759259259259259 0.09722222222222222 0.13518518518518519
4 0.8097222222222222 0.12407407407407407 0.38055555555555554 0.24074074074074073
1 0.6013888888888889 0.30462962962962964 0.0763888888888889 0.1425925925925926
1 0.5604166666666667 0.1787037037037037 0.08194444444444444 0.1425925925925926
1 0.5336805555555556 0.3138888888888889 0.06180555555555556 0.1675925925925926
0 0.4739583333333333 0.2949074074074074 0.035416666666666666 0.08981481481481482
0 0.328125 0.02824074074074074 0.03958333333333333 0.04537037037037037
0 0.36701388888888886 0.03009259259259259 0.03819444444444445 0.041666666666666664
0 0.3402777777777778 0.15138888888888888 0.04236111111111111 0.07685185185185185
2 0.44305555555555554 0.9324074074074075 0.11944444444444445 0.13518518518518519
2 0.18020833333333333 0.22268518518518518 0.07291666666666667 0.12037037037037036
2 0.24513888888888888 0.1361111111111111 0.07430555555555556 0.1
2 0.2375 0.30185185185185187 0.1 0.14814814814814814
2 0.059722222222222225 0.06296296296296296 0.11944444444444445 0.1259259259259259
2 0.035069444444444445 0.30185185185185187 0.07013888888888889 0.2898148148148148