0 0.365625 0.6407407407407407 0.23541666666666666 0.43425925925925923
0 0.1684027777777778 0.5328703703703703 0.10972222222222222 0.18611111111111112
0 0.26631944444444444 0.2574074074074074 0.08333333333333333 0.1675925925925926
0 0.5055555555555555 0.05092592592592592 0.21388888888888888 0.10185185185185185
0 0.8857638888888889 0.46435185185185185 0.1763888888888889 0.3925925925925926
0 0.8295138888888889 0.9444444444444444 0.11944444444444445 0.1037037037037037
0 0.9732638888888889 0.9115740740740741 0.05347222222222222 0.14814814814814814
0 0.12534722222222222 0.8587962962962963 0.1 0.1037037037037037
0 0.10069444444444445 0.7592592592592593 0.06180555555555556 0.06574074074074074
0 0.21354166666666666 0.9425925925925925 0.10416666666666667 0.0962962962962963
4 0.20347222222222222 0.19814814814814816 0.3819444444444444 0.3962962962962963
0 0.6795138888888889 0.053703703703703705 0.09583333333333334 0.10740740740740741