0 0.28888888888888886 0.2152777777777778 0.25763888888888886 0.4305555555555556
0 0.8534722222222222 0.37407407407407406 0.11527777777777778 0.21574074074074073
0 0.8888888888888888 0.7152777777777778 0.03819444444444445 0.09814814814814815
0 0.9458333333333333 0.8601851851851852 0.09722222222222222 0.26851851851851855
2 0.7128472222222222 0.8291666666666667 0.31666666666666665 0.3416666666666667
2 0.8371527777777777 0.7337962962962963 0.10138888888888889 0.22592592592592592
2 0.75625 0.42685185185185187 0.10694444444444444 0.41203703703703703
2 0.39652777777777776 0.8212962962962963 0.17152777777777778 0.2814814814814815
4 0.2864583333333333 0.45 0.07430555555555556 0.2101851851851852
4 0.1795138888888889 0.27361111111111114 0.10138888888888889 0.08055555555555556
4 0.7211805555555556 0.13518518518518519 0.07777777777777778 0.09814814814814815
2 0.9322916666666666 0.1412037037037037 0.12986111111111112 0.19166666666666668