0 0.7614583333333333 0.44305555555555554 0.47708333333333336 0.6962962962962963
0 0.38263888888888886 0.5398148148148149 0.15694444444444444 0.1527777777777778
0 0.2857638888888889 0.5375 0.05 0.06666666666666667
0 0.2652777777777778 0.47175925925925927 0.05486111111111111 0.08148148148148149
0 0.32430555555555557 0.36527777777777776 0.10208333333333333 0.10092592592592593
0 0.25416666666666665 0.33101851851851855 0.035416666666666666 0.06666666666666667
0 0.21354166666666666 0.27037037037037037 0.03888888888888889 0.05
0 0.26631944444444444 0.24583333333333332 0.0375 0.05185185185185185
0 0.22569444444444445 0.14351851851851852 0.07916666666666666 0.11388888888888889
3 0.3034722222222222 0.031018518518518518 0.14722222222222223 0.062037037037037036
3 0.7013888888888888 0.029166666666666667 0.2152777777777778 0.058333333333333334
1 0.46284722222222224 0.1648148148148148 0.08402777777777778 0.14907407407407408
1 0.5104166666666666 0.040740740740740744 0.08263888888888889 0.08148148148148149
1 0.43854166666666666 0.043055555555555555 0.06180555555555556 0.08611111111111111
4 0.08645833333333333 0.4083333333333333 0.10833333333333334 0.17037037037037037
4 0.04513888888888889 0.7490740740740741 0.09027777777777778 0.4888888888888889
2 0.15520833333333334 0.5949074074074074 0.12916666666666668 0.15092592592592594
2 0.12708333333333333 0.28564814814814815 0.11458333333333333 0.13148148148148148
2 0.04756944444444444 0.23472222222222222 0.07916666666666666 0.15555555555555556
2 0.12777777777777777 0.12175925925925926 0.11944444444444445 0.17037037037037037