0 0.41041666666666665 0.7111111111111111 0.2361111111111111 0.4203703703703704
0 0.8923611111111112 0.8513888888888889 0.2152777777777778 0.2972222222222222
0 0.2076388888888889 0.7393518518518518 0.08958333333333333 0.16944444444444445
0 0.1607638888888889 0.3574074074074074 0.08819444444444445 0.21203703703703702
0 0.31527777777777777 0.1837962962962963 0.21041666666666667 0.22777777777777777
0 0.7038194444444444 0.08194444444444444 0.06388888888888888 0.09537037037037037
0 0.79375 0.22037037037037038 0.07152777777777777 0.08518518518518518
0 0.8045138888888889 0.06851851851851852 0.07083333333333333 0.09259259259259259
0 0.8729166666666667 0.05138888888888889 0.06944444444444445 0.08518518518518518
0 0.8885416666666667 0.18472222222222223 0.09722222222222222 0.10555555555555556
0 0.9416666666666667 0.3212962962962963 0.10902777777777778 0.17407407407407408
4 0.15625 0.8828703703703704 0.21041666666666667 0.23425925925925925
4 0.16979166666666667 0.5921296296296297 0.09583333333333334 0.2064814814814815
2 0.22256944444444443 0.5078703703703704 0.13194444444444445 0.21851851851851853
0 0.09861111111111111 0.10324074074074074 0.07430555555555556 0.10092592592592593