0 0.2534722222222222 0.8412037037037037 0.10972222222222222 0.15
0 0.24027777777777778 0.9643518518518519 0.1326388888888889 0.0712962962962963
0 0.7163194444444444 0.8740740740740741 0.27152777777777776 0.2518518518518518
0 0.8204861111111111 0.6513888888888889 0.06875 0.07685185185185185
0 0.07743055555555556 0.13518518518518519 0.1326388888888889 0.27037037037037037
4 0.11284722222222222 0.5171296296296296 0.22569444444444445 0.6037037037037037
0 0.2309027777777778 0.2162037037037037 0.07291666666666667 0.12222222222222222
0 0.18090277777777777 0.11388888888888889 0.08194444444444444 0.15833333333333333
0 0.5704861111111111 0.16712962962962963 0.09722222222222222 0.13703703703703704
4 0.9336805555555555 0.3912037037037037 0.1111111111111111 0.2824074074074074
2 0.9725694444444445 0.6842592592592592 0.05486111111111111 0.1675925925925926
1 0.8576388888888888 0.6925925925925925 0.052083333333333336 0.10740740740740741
2 0.6006944444444444 0.6157407407407407 0.09166666666666666 0.075
2 0.9163194444444445 0.03657407407407407 0.10138888888888889 0.07314814814814814