0 0.28888888888888886 0.7847222222222222 0.25763888888888886 0.4305555555555556
0 0.8534722222222222 0.6259259259259259 0.11527777777777778 0.21574074074074073
0 0.8888888888888888 0.2847222222222222 0.03819444444444445 0.09814814814814815
0 0.9458333333333333 0.1398148148148148 0.09722222222222222 0.26851851851851855
2 0.7128472222222222 0.17083333333333334 0.31666666666666665 0.3416666666666667
2 0.8371527777777777 0.2662037037037037 0.10138888888888889 0.22592592592592592
2 0.75625 0.5731481481481482 0.10694444444444444 0.41203703703703703
2 0.39652777777777776 0.1787037037037037 0.17152777777777778 0.2814814814814815
4 0.2864583333333333 0.55 0.07430555555555556 0.2101851851851852
4 0.1795138888888889 0.7263888888888889 0.10138888888888889 0.08055555555555556
4 0.7211805555555556 0.8648148148148148 0.07777777777777778 0.09814814814814815
2 0.9322916666666666 0.8587962962962963 0.12986111111111112 0.19166666666666668