0 0.29930555555555555 0.8861111111111111 0.25069444444444444 0.22777777777777777
0 0.6190972222222222 0.7865740740740741 0.16180555555555556 0.3907407407407407
0 0.5458333333333333 0.4023148148148148 0.2916666666666667 0.31203703703703706
4 0.4857638888888889 0.09953703703703703 0.16041666666666668 0.19907407407407407
0 0.02048611111111111 0.5893518518518519 0.04097222222222222 0.20833333333333334
0 0.078125 0.5657407407407408 0.08472222222222223 0.24444444444444444
0 0.0642361111111111 0.7472222222222222 0.09027777777777778 0.1111111111111111
4 0.8590277777777777 0.9425925925925925 0.09861111111111111 0.11481481481481481
4 0.8177083333333334 0.7972222222222223 0.049305555555555554 0.10925925925925926
4 0.79375 0.9125 0.050694444444444445 0.12407407407407407
4 0.6930555555555555 0.42083333333333334 0.09305555555555556 0.12962962962962962
2 0.6739583333333333 0.09768518518518518 0.03819444444444445 0.0787037037037037
0 0.5788194444444444 0.09953703703703703 0.06736111111111111 0.14814814814814814