0 0.16979166666666667 0.8657407407407407 0.225 0.2462962962962963
0 0.6649305555555556 0.7435185185185185 0.12986111111111112 0.18055555555555555
0 0.5371527777777778 0.1259259259259259 0.15069444444444444 0.20092592592592592
0 0.14305555555555555 0.0837962962962963 0.10277777777777777 0.1638888888888889
4 0.8604166666666667 0.36574074074074076 0.19444444444444445 0.32685185185185184
4 0.8416666666666667 0.18981481481481483 0.07013888888888889 0.09444444444444444
3 0.6142361111111111 0.37777777777777777 0.2833333333333333 0.43425925925925923
0 0.5635416666666667 0.825925925925926 0.075 0.14444444444444443
0 0.6597222222222222 0.9222222222222223 0.11944444444444445 0.15555555555555556
0 0.1875 0.687962962962963 0.10138888888888889 0.1675925925925926
0 0.7239583333333334 0.20601851851851852 0.05625 0.062037037037037036