1 0.5597222222222222 0.5203703703703704 0.09027777777777778 0.14444444444444443
1 0.5128472222222222 0.3814814814814815 0.08125 0.15092592592592594
1 0.4909722222222222 0.5375 0.059722222222222225 0.16203703703703703
3 0.39479166666666665 0.7435185185185185 0.25555555555555554 0.512962962962963
3 0.8083333333333333 0.7361111111111112 0.38333333333333336 0.5111111111111111
4 0.771875 0.22824074074074074 0.45625 0.4351851851851852
0 0.36319444444444443 0.14351851851851852 0.09236111111111112 0.07962962962962963
0 0.30104166666666665 0.16805555555555557 0.04513888888888889 0.06851851851851852
0 0.3170138888888889 0.25972222222222224 0.035416666666666666 0.053703703703703705
0 0.2701388888888889 0.24351851851851852 0.035416666666666666 0.06018518518518518
0 0.28958333333333336 0.39351851851851855 0.06458333333333334 0.0712962962962963
2 0.4354166666666667 0.5268518518518519 0.04236111111111111 0.075
2 0.17569444444444443 0.49907407407407406 0.07916666666666666 0.1527777777777778
2 0.11736111111111111 0.4222222222222222 0.07291666666666667 0.13333333333333333
2 0.1892361111111111 0.33101851851851855 0.0875 0.11018518518518519
2 0.22152777777777777 0.0625 0.1388888888888889 0.125
4 0.10833333333333334 0.09259259259259259 0.1 0.17222222222222222
4 0.13923611111111112 0.23287037037037037 0.11666666666666667 0.15925925925925927
4 0.02847222222222222 0.058333333333333334 0.05694444444444444 0.10740740740740741
2 0.021875 0.19722222222222222 0.04375 0.13148148148148148
3 0.07361111111111111 0.5722222222222222 0.1375 0.2351851851851852