4 0.4822916666666667 0.28194444444444444 0.2 0.31203703703703706
0 0.37256944444444445 0.2972222222222222 0.06597222222222222 0.1537037037037037
0 0.4409722222222222 0.7509259259259259 0.33125 0.41759259259259257
4 0.2534722222222222 0.6430555555555556 0.10694444444444444 0.16203703703703703
4 0.334375 0.5902777777777778 0.09027777777777778 0.0962962962962963
0 0.31180555555555556 0.05277777777777778 0.09166666666666666 0.10555555555555556
0 0.9815972222222222 0.8449074074074074 0.03680555555555556 0.21574074074074073
0 0.9267361111111111 0.8402777777777778 0.075 0.2462962962962963
2 0.7006944444444444 0.06388888888888888 0.18472222222222223 0.12777777777777777
0 0.7881944444444444 0.043055555555555555 0.04236111111111111 0.06018518518518518
0 0.7684027777777778 0.09768518518518518 0.03819444444444445 0.049074074074074076
0 0.09375 0.6833333333333333 0.14097222222222222 0.23148148148148148
2 0.27118055555555554 0.2773148148148148 0.04097222222222222 0.08796296296296297