3 0.21597222222222223 0.7939814814814815 0.42569444444444443 0.38981481481481484
3 0.6538194444444444 0.8004629629629629 0.26180555555555557 0.3990740740740741
0 0.23854166666666668 0.29074074074074074 0.47708333333333336 0.5814814814814815
0 0.6142361111111111 0.1 0.15069444444444444 0.14907407407407408
0 0.7159722222222222 0.09907407407407408 0.05 0.06851851851851852
0 0.73125 0.16064814814814815 0.04861111111111111 0.06296296296296296
0 0.6732638888888889 0.25555555555555554 0.09722222222222222 0.09259259259259259
0 0.7458333333333333 0.2865740740740741 0.03263888888888889 0.06018518518518518
0 0.7774305555555555 0.362962962962963 0.04722222222222222 0.08425925925925926
0 0.7263888888888889 0.3814814814814815 0.04236111111111111 0.05185185185185185
0 0.7652777777777777 0.5041666666666667 0.06805555555555555 0.09444444444444444
2 0.8795138888888889 0.43657407407407406 0.11180555555555556 0.11018518518518519
2 0.8819444444444444 0.6 0.09722222222222222 0.14444444444444443
2 0.95 0.4847222222222222 0.07152777777777777 0.13333333333333333
2 0.8479166666666667 0.09907407407407408 0.11666666666666667 0.1638888888888889
4 0.9166666666666666 0.31574074074074077 0.12430555555555556 0.16574074074074074
4 0.9434027777777778 0.1111111111111111 0.09375 0.19166666666666668
1 0.5475694444444444 0.6638888888888889 0.06666666666666667 0.14629629629629629
1 0.5298611111111111 0.4925925925925926 0.0763888888888889 0.16203703703703703
1 0.4861111111111111 0.65 0.0763888888888889 0.14444444444444443