0 0.18506944444444445 0.8291666666666667 0.11805555555555555 0.19537037037037036
0 0.2513888888888889 0.6370370370370371 0.13819444444444445 0.15648148148148147
0 0.3746527777777778 0.6370370370370371 0.11388888888888889 0.1638888888888889
0 0.3371527777777778 0.7791666666666667 0.06041666666666667 0.08055555555555556
0 0.7635416666666667 0.5791666666666667 0.05625 0.09351851851851851
0 0.8020833333333334 0.6587962962962963 0.059027777777777776 0.10555555555555556
0 0.8357638888888889 0.45 0.14791666666666667 0.19537037037037036
0 0.9486111111111111 0.5337962962962963 0.08333333333333333 0.1111111111111111
0 0.8371527777777777 0.8 0.07430555555555556 0.08611111111111111
0 0.9423611111111111 0.7865740740740741 0.10416666666666667 0.15648148148148147
0 0.6909722222222222 0.1625 0.09166666666666666 0.16018518518518518
0 0.60625 0.034722222222222224 0.15763888888888888 0.06944444444444445
0 0.39444444444444443 0.1287037037037037 0.06597222222222222 0.0787037037037037
0 0.22395833333333334 0.17777777777777778 0.10277777777777777 0.15185185185185185
0 0.16909722222222223 0.20787037037037037 0.04236111111111111 0.058333333333333334
0 0.2604166666666667 0.35694444444444445 0.09583333333333334 0.1111111111111111
0 0.3350694444444444 0.48703703703703705 0.06458333333333334 0.06944444444444445
0 0.43506944444444445 0.4444444444444444 0.11944444444444445 0.09351851851851851
0 0.47118055555555555 0.2967592592592593 0.11805555555555555 0.14074074074074075
0 0.10902777777777778 0.07314814814814814 0.08888888888888889 0.12407407407407407
0 0.30833333333333335 0.043055555555555555 0.06319444444444444 0.08611111111111111
0 0.34652777777777777 0.22268518518518518 0.10138888888888889 0.1787037037037037
0 0.6458333333333334 0.3439814814814815 0.14375 0.14814814814814814
0 0.5288194444444444 0.11388888888888889 0.15069444444444444 0.11481481481481481
0 0.9444444444444444 0.34120370370370373 0.1111111111111111 0.22592592592592592
0 0.8628472222222222 0.2875 0.05486111111111111 0.0787037037037037
4 0.05277777777777778 0.11944444444444445 0.10555555555555556 0.2388888888888889
4 0.06909722222222223 0.36944444444444446 0.13819444444444445 0.2175925925925926
4 0.8611111111111112 0.0375 0.14930555555555555 0.075
2 0.049305555555555554 0.4828703703703704 0.052083333333333336 0.075
0 0.10069444444444445 0.5009259259259259 0.07777777777777778 0.09351851851851851