0 0.3211805555555556 0.6476851851851851 0.2673611111111111 0.6277777777777778
0 0.5170138888888889 0.12407407407407407 0.2534722222222222 0.24814814814814815
0 0.578125 0.4060185185185185 0.1284722222222222 0.37037037037037035
0 0.5822916666666667 0.7939814814814815 0.18055555555555555 0.38333333333333336
0 0.715625 0.7828703703703703 0.09444444444444444 0.1537037037037037
4 0.8451388888888889 0.7273148148148149 0.10694444444444444 0.2064814814814815
4 0.7711805555555555 0.5828703703703704 0.07430555555555556 0.17685185185185184
4 0.6795138888888889 0.5120370370370371 0.0875 0.13703703703703704
4 0.6732638888888889 0.18518518518518517 0.075 0.10740740740740741
0 0.03715277777777778 0.3587962962962963 0.07430555555555556 0.30462962962962964
0 0.071875 0.475462962962963 0.08333333333333333 0.11851851851851852
0 0.09861111111111111 0.3037037037037037 0.07916666666666666 0.17685185185185184
0 0.8048611111111111 0.21805555555555556 0.12222222222222222 0.19166666666666668