4 0.8232638888888889 0.6578703703703703 0.15625 0.19166666666666668
4 0.8479166666666667 0.8476851851851852 0.2902777777777778 0.30462962962962964
4 0.9746527777777778 0.5467592592592593 0.050694444444444445 0.15833333333333333
2 0.6583333333333333 0.22916666666666666 0.10277777777777777 0.1259259259259259
0 0.6986111111111111 0.8532407407407407 0.16458333333333333 0.2537037037037037
0 0.5732638888888889 0.9180555555555555 0.1 0.1388888888888889
0 0.465625 0.7388888888888889 0.04097222222222222 0.06944444444444445
0 0.5371527777777778 0.675 0.05486111111111111 0.08055555555555556
0 0.3923611111111111 0.7939814814814815 0.09722222222222222 0.12777777777777777
0 0.2704861111111111 0.7648148148148148 0.05625 0.08796296296296297
0 0.21041666666666667 0.7574074074074074 0.07291666666666667 0.12037037037037036
0 0.21770833333333334 0.6652777777777777 0.035416666666666666 0.04537037037037037
0 0.3190972222222222 0.7416666666666667 0.10138888888888889 0.1111111111111111
0 0.3211805555555556 0.8759259259259259 0.05347222222222222 0.07314814814814814
0 0.3697916666666667 0.9023148148148148 0.04652777777777778 0.06018518518518518
0 0.39166666666666666 0.975462962962963 0.12569444444444444 0.041666666666666664
0 0.48715277777777777 0.14583333333333334 0.12986111111111112 0.1787037037037037
0 0.1232638888888889 0.17222222222222222 0.05763888888888889 0.09351851851851851
2 0.12465277777777778 0.7097222222222223 0.0875 0.1675925925925926