0 0.8753472222222223 0.9115740740740741 0.06319444444444444 0.1037037037037037
0 0.3972222222222222 0.2574074074074074 0.09027777777777778 0.10555555555555556
0 0.3663194444444444 0.30277777777777776 0.06458333333333334 0.07685185185185185
0 0.17465277777777777 0.24351851851851852 0.09166666666666666 0.11851851851851852
0 0.1295138888888889 0.07824074074074074 0.04236111111111111 0.07685185185185185
2 0.24930555555555556 0.04027777777777778 0.10972222222222222 0.08055555555555556
0 0.4322916666666667 0.0712962962962963 0.05625 0.09444444444444444
0 0.5465277777777777 0.7893518518518519 0.08194444444444444 0.22407407407407406
0 0.5288194444444444 0.9680555555555556 0.07430555555555556 0.06388888888888888
0 0.6267361111111112 0.9481481481481482 0.11388888888888889 0.1037037037037037
2 0.5149305555555556 0.37407407407407406 0.07152777777777777 0.14629629629629629
2 0.7704861111111111 0.49166666666666664 0.059027777777777776 0.08611111111111111
4 0.65625 0.10231481481481482 0.06597222222222222 0.1537037037037037
4 0.6118055555555556 0.2125 0.04513888888888889 0.06018518518518518