4 0.5020833333333333 0.7699074074074074 0.29444444444444445 0.40555555555555556
4 0.23368055555555556 0.7379629629629629 0.19583333333333333 0.26481481481481484
4 0.5697916666666667 0.12685185185185185 0.29583333333333334 0.2537037037037037
0 0.09722222222222222 0.6717592592592593 0.1451388888888889 0.28425925925925927
0 0.09305555555555556 0.24722222222222223 0.18611111111111112 0.40370370370370373
0 0.5388888888888889 0.3175925925925926 0.13541666666666666 0.23703703703703705
0 0.578125 0.5791666666666667 0.07916666666666666 0.0824074074074074
2 0.8649305555555555 0.9189814814814815 0.11666666666666667 0.15833333333333333
2 0.8006944444444445 0.9773148148148149 0.04513888888888889 0.041666666666666664
2 0.9753472222222223 0.9435185185185185 0.04097222222222222 0.11296296296296296
2 0.9569444444444445 0.09675925925925925 0.03680555555555556 0.10185185185185185
2 0.30277777777777776 0.16435185185185186 0.06041666666666667 0.11296296296296296