4 0.33229166666666665 0.5009259259259259 0.18472222222222223 0.2759259259259259
0 0.7822916666666667 0.7912037037037037 0.10972222222222222 0.20277777777777778
0 0.221875 0.18888888888888888 0.20555555555555555 0.37407407407407406
0 0.05416666666666667 0.5884259259259259 0.10833333333333334 0.26481481481481484
2 0.3260416666666667 0.7509259259259259 0.2298611111111111 0.21388888888888888
2 0.6836805555555555 0.6722222222222223 0.06875 0.1259259259259259
2 0.7670138888888889 0.9717592592592592 0.06597222222222222 0.05648148148148148
0 0.70625 0.1587962962962963 0.09166666666666666 0.1712962962962963
0 0.6822916666666666 0.4115740740740741 0.13125 0.2574074074074074
0 0.5864583333333333 0.586574074074074 0.06041666666666667 0.1
4 0.90625 0.07222222222222222 0.13819444444444445 0.14444444444444443