2 0.35833333333333334 0.5319444444444444 0.2423611111111111 0.2861111111111111
4 0.3663194444444444 0.20972222222222223 0.21805555555555556 0.2518518518518518
0 0.05416666666666667 0.3814814814814815 0.10833333333333334 0.21851851851851853
0 0.8027777777777778 0.600462962962963 0.12569444444444444 0.20462962962962963
4 0.5809027777777778 0.850462962962963 0.2326388888888889 0.29907407407407405
0 0.7048611111111112 0.14212962962962963 0.11944444444444445 0.1388888888888889
0 0.6458333333333334 0.25925925925925924 0.06736111111111111 0.09166666666666666
0 0.6090277777777777 0.3337962962962963 0.05625 0.08425925925925926
2 0.7 0.4773148148148148 0.07430555555555556 0.16203703703703703
0 0.6979166666666666 0.9453703703703704 0.06736111111111111 0.09444444444444444
2 0.8 0.8629629629629629 0.049305555555555554 0.10185185185185185
0 0.2513888888888889 0.07407407407407407 0.10277777777777777 0.14814814814814814