0 0.27118055555555554 0.8092592592592592 0.4326388888888889 0.3814814814814815
0 0.45208333333333334 0.5337962962962963 0.1284722222222222 0.17685185185185184
0 0.4409722222222222 0.6814814814814815 0.1701388888888889 0.2101851851851852
0 0.5177083333333333 0.8328703703703704 0.07916666666666666 0.09351851851851851
0 0.60625 0.7444444444444445 0.15208333333333332 0.062037037037037036
0 0.7663194444444444 0.8449074074074074 0.07291666666666667 0.1388888888888889
0 0.7336805555555556 0.9333333333333333 0.08611111111111111 0.13333333333333333
0 0.8260416666666667 0.937962962962963 0.12361111111111112 0.12407407407407407
4 0.8451388888888889 0.6643518518518519 0.09583333333333334 0.27037037037037037
4 0.634375 0.4527777777777778 0.33402777777777776 0.5296296296296297
0 0.26631944444444444 0.3611111111111111 0.09166666666666666 0.13518518518518519