0 0.3375 0.31574074074074077 0.26458333333333334 0.6166666666666667
0 0.6111111111111112 0.1087962962962963 0.1423611111111111 0.2101851851851852
0 0.6076388888888888 0.4689814814814815 0.1875 0.4564814814814815
4 0.8604166666666667 0.49537037037037035 0.11527777777777778 0.18055555555555555
4 0.7788194444444444 0.31666666666666665 0.06458333333333334 0.16574074074074074
4 0.7048611111111112 0.17685185185185184 0.075 0.13518518518518519
0 0.05694444444444444 0.1050925925925926 0.10555555555555556 0.2101851851851852
0 0.12881944444444443 0.05092592592592592 0.08472222222222223 0.10185185185185185
0 0.1076388888888889 0.1824074074074074 0.07777777777777778 0.09166666666666666
3 0.2795138888888889 0.8930555555555556 0.2520833333333333 0.21388888888888888
3 0.4965277777777778 0.9050925925925926 0.3111111111111111 0.18981481481481483
3 0.6534722222222222 0.7680555555555556 0.1284722222222222 0.1675925925925926
3 0.7649305555555556 0.6541666666666667 0.11666666666666667 0.2824074074074074
3 0.9350694444444444 0.7791666666666667 0.07777777777777778 0.1388888888888889
0 0.7725694444444444 0.9361111111111111 0.05763888888888889 0.08796296296296297
4 0.671875 0.9305555555555556 0.12986111111111112 0.1388888888888889
0 0.8211805555555556 0.05277777777777778 0.12708333333333333 0.10555555555555556
2 0.9822916666666667 0.6203703703703703 0.035416666666666666 0.058333333333333334
2 0.9430555555555555 0.6523148148148148 0.04791666666666667 0.05648148148148148