0 0.7465277777777778 0.1587962962962963 0.10972222222222222 0.15
0 0.7597222222222222 0.03564814814814815 0.1326388888888889 0.0712962962962963
0 0.28368055555555555 0.1259259259259259 0.27152777777777776 0.2518518518518518
0 0.1795138888888889 0.3486111111111111 0.06875 0.07685185185185185
0 0.9225694444444444 0.8648148148148148 0.1326388888888889 0.27037037037037037
4 0.8871527777777778 0.4828703703703704 0.22569444444444445 0.6037037037037037
0 0.7690972222222222 0.7837962962962963 0.07291666666666667 0.12222222222222222
0 0.8190972222222223 0.8861111111111111 0.08194444444444444 0.15833333333333333
0 0.42951388888888886 0.8328703703703704 0.09722222222222222 0.13703703703703704
4 0.06631944444444444 0.6087962962962963 0.1111111111111111 0.2824074074074074
2 0.027430555555555555 0.31574074074074077 0.05486111111111111 0.1675925925925926
1 0.1423611111111111 0.3074074074074074 0.052083333333333336 0.10740740740740741
2 0.3993055555555556 0.38425925925925924 0.09166666666666666 0.075
2 0.08368055555555555 0.9634259259259259 0.10138888888888889 0.07314814814814814