3 0.3836805555555556 0.700925925925926 0.53125 0.5981481481481481
4 0.6670138888888889 0.7912037037037037 0.18333333333333332 0.34444444444444444
3 0.6760416666666667 0.5064814814814815 0.09444444444444444 0.19166666666666668
3 0.7802083333333333 0.44074074074074077 0.11944444444444445 0.2462962962962963
4 0.8760416666666667 0.2875 0.12222222222222222 0.16574074074074074
0 0.6020833333333333 0.1814814814814815 0.18472222222222223 0.362962962962963
0 0.7253472222222223 0.19444444444444445 0.14375 0.23148148148148148
0 0.3576388888888889 0.13425925925925927 0.2520833333333333 0.26851851851851855
2 0.02048611111111111 0.32314814814814813 0.04097222222222222 0.1425925925925926
0 0.9506944444444444 0.5449074074074074 0.07430555555555556 0.13333333333333333
0 0.7725694444444444 0.7027777777777777 0.06597222222222222 0.09814814814814815