2 0.27326388888888886 0.6148148148148148 0.2916666666666667 0.2916666666666667
0 0.03229166666666667 0.24722222222222223 0.06458333333333334 0.1259259259259259
0 0.3170138888888889 0.812037037037037 0.06180555555555556 0.07685185185185185
0 0.3472222222222222 0.7328703703703704 0.03125 0.05277777777777778
0 0.3597222222222222 0.8768518518518519 0.06736111111111111 0.12962962962962962
0 0.7642361111111111 0.7939814814814815 0.09861111111111111 0.1388888888888889
0 0.9190972222222222 0.9361111111111111 0.08472222222222223 0.09814814814814815
2 0.13576388888888888 0.21064814814814814 0.1284722222222222 0.12962962962962962
4 0.26284722222222223 0.1787037037037037 0.08472222222222223 0.11666666666666667
4 0.3388888888888889 0.04583333333333333 0.06736111111111111 0.09166666666666666
4 0.7888888888888889 0.9069444444444444 0.18055555555555555 0.1824074074074074