0 0.7309027777777778 0.49444444444444446 0.4013888888888889 0.48148148148148145
0 0.6739583333333333 0.8412037037037037 0.1451388888888889 0.22592592592592592
0 0.8350694444444444 0.7800925925925926 0.09722222222222222 0.14444444444444443
0 0.3697916666666667 0.8814814814814815 0.175 0.23703703703703705
0 0.321875 0.7388888888888889 0.18611111111111112 0.175
0 0.20694444444444443 0.8458333333333333 0.13680555555555557 0.15555555555555556
0 0.15138888888888888 0.9296296296296296 0.059027777777777776 0.0712962962962963
0 0.04652777777777778 0.3476851851851852 0.09305555555555556 0.16944444444444445
0 0.07326388888888889 0.6777777777777778 0.125 0.34814814814814815
4 0.2 0.33564814814814814 0.13125 0.24444444444444444
4 0.421875 0.1476851851851852 0.2743055555555556 0.2953703703703704
4 0.9381944444444444 0.5430555555555555 0.12361111111111112 0.462037037037037