1 0.44027777777777777 0.47962962962962963 0.09027777777777778 0.14444444444444443
1 0.48715277777777777 0.6185185185185185 0.08125 0.15092592592592594
1 0.5090277777777777 0.4625 0.059722222222222225 0.16203703703703703
3 0.6052083333333333 0.2564814814814815 0.25555555555555554 0.512962962962963
3 0.19166666666666668 0.2638888888888889 0.38333333333333336 0.5111111111111111
4 0.228125 0.7717592592592593 0.45625 0.4351851851851852
0 0.6368055555555555 0.8564814814814815 0.09236111111111112 0.07962962962962963
0 0.6989583333333333 0.8319444444444445 0.04513888888888889 0.06851851851851852
0 0.6829861111111111 0.7402777777777778 0.035416666666666666 0.053703703703703705
0 0.7298611111111111 0.7564814814814815 0.035416666666666666 0.06018518518518518
0 0.7104166666666667 0.6064814814814815 0.06458333333333334 0.0712962962962963
2 0.5645833333333333 0.47314814814814815 0.04236111111111111 0.075
2 0.8243055555555555 0.5009259259259259 0.07916666666666666 0.1527777777777778
2 0.8826388888888889 0.5777777777777777 0.07291666666666667 0.13333333333333333
2 0.8107638888888888 0.6689814814814815 0.0875 0.11018518518518519
2 0.7784722222222222 0.9375 0.1388888888888889 0.125
4 0.8916666666666667 0.9074074074074074 0.1 0.17222222222222222
4 0.8607638888888889 0.7671296296296296 0.11666666666666667 0.15925925925925927
4 0.9715277777777778 0.9416666666666667 0.05694444444444444 0.10740740740740741
2 0.978125 0.8027777777777778 0.04375 0.13148148148148148
3 0.9263888888888889 0.42777777777777776 0.1375 0.2351851851851852