0 0.7006944444444444 0.11388888888888889 0.25069444444444444 0.22777777777777777
0 0.38090277777777776 0.21342592592592594 0.16180555555555556 0.3907407407407407
0 0.45416666666666666 0.5976851851851852 0.2916666666666667 0.31203703703703706
4 0.5142361111111111 0.9004629629629629 0.16041666666666668 0.19907407407407407
0 0.9795138888888889 0.41064814814814815 0.04097222222222222 0.20833333333333334
0 0.921875 0.43425925925925923 0.08472222222222223 0.24444444444444444
0 0.9357638888888888 0.25277777777777777 0.09027777777777778 0.1111111111111111
4 0.14097222222222222 0.05740740740740741 0.09861111111111111 0.11481481481481481
4 0.18229166666666666 0.20277777777777778 0.049305555555555554 0.10925925925925926
4 0.20625 0.0875 0.050694444444444445 0.12407407407407407
4 0.30694444444444446 0.5791666666666667 0.09305555555555556 0.12962962962962962
2 0.3260416666666667 0.9023148148148148 0.03819444444444445 0.0787037037037037
0 0.42118055555555556 0.9004629629629629 0.06736111111111111 0.14814814814814814