0 0.25555555555555554 0.9259259259259259 0.16319444444444445 0.14814814814814814
0 0.3909722222222222 0.9398148148148148 0.14097222222222222 0.12037037037037036
0 0.44305555555555554 0.7546296296296297 0.125 0.18055555555555555
0 0.3375 0.7972222222222223 0.07777777777777778 0.08796296296296297
0 0.2746527777777778 0.6486111111111111 0.10277777777777777 0.10740740740740741
0 0.234375 0.4351851851851852 0.12361111111111112 0.17685185185185184
0 0.171875 0.4837962962962963 0.05347222222222222 0.06944444444444445
0 0.10347222222222222 0.3138888888888889 0.09444444444444444 0.13148148148148148
0 0.3753472222222222 0.2638888888888889 0.06041666666666667 0.0824074074074074
0 0.4329861111111111 0.3439814814814815 0.03819444444444445 0.0824074074074074
0 0.42465277777777777 0.42685185185185187 0.08472222222222223 0.08425925925925926
0 0.3506944444444444 0.4689814814814815 0.07916666666666666 0.11296296296296296
0 0.6541666666666667 0.34120370370370373 0.16875 0.19722222222222222
0 0.5809027777777778 0.4444444444444444 0.13958333333333334 0.13333333333333333
0 0.8555555555555555 0.8476851851851852 0.06736111111111111 0.11851851851851852
0 0.8965277777777778 0.9004629629629629 0.08888888888888889 0.1259259259259259
0 0.8135416666666667 0.9569444444444445 0.08194444444444444 0.0787037037037037
0 0.9416666666666667 0.6504629629629629 0.07013888888888889 0.09351851851851851
0 0.7663194444444444 0.5027777777777778 0.08611111111111111 0.14074074074074075
0 0.6704861111111111 0.17175925925925925 0.31666666666666665 0.3435185185185185
0 0.5142361111111111 0.2518518518518518 0.08888888888888889 0.11296296296296296
0 0.3142361111111111 0.05925925925925926 0.11388888888888889 0.11851851851851852
4 0.23020833333333332 0.0412037037037037 0.06319444444444444 0.0824074074074074