0 0.2309027777777778 0.5777777777777777 0.2673611111111111 0.5277777777777778
4 0.234375 0.8601851851851852 0.08194444444444444 0.22037037037037038
4 0.128125 0.6717592592592593 0.1 0.10185185185185185
4 0.6625 0.45185185185185184 0.08611111111111111 0.1259259259259259
4 0.7322916666666667 0.5171296296296296 0.07013888888888889 0.08611111111111111
4 0.7402777777777778 0.2800925925925926 0.08333333333333333 0.10740740740740741
2 0.7111111111111111 0.7782407407407408 0.0763888888888889 0.37407407407407406
0 0.7809027777777777 0.6731481481481482 0.10416666666666667 0.20462962962962963
0 0.821875 0.9763888888888889 0.04097222222222222 0.04722222222222222
2 0.7472222222222222 0.9652777777777778 0.075 0.06944444444444445
2 0.8690972222222222 0.38425925925925924 0.10833333333333334 0.17685185185185184
0 0.9569444444444445 0.29814814814814816 0.08611111111111111 0.16574074074074074