3 0.37604166666666666 0.5930555555555556 0.5381944444444444 0.8027777777777778
4 0.665625 0.5976851851851852 0.17777777777777778 0.32685185185185184
4 0.5767361111111111 0.8870370370370371 0.26319444444444445 0.1935185185185185
4 0.16979166666666667 0.8467592592592592 0.23819444444444443 0.30648148148148147
0 0.7739583333333333 0.5319444444444444 0.05763888888888889 0.1037037037037037
0 0.9395833333333333 0.3921296296296296 0.08472222222222223 0.11296296296296296
0 0.6027777777777777 0.05925925925925926 0.15902777777777777 0.11851851851851852
0 0.7239583333333334 0.053703703703703705 0.07013888888888889 0.10740740740740741
0 0.4388888888888889 0.034722222222222224 0.08055555555555556 0.06944444444444445
2 0.023958333333333335 0.18796296296296297 0.04791666666666667 0.13518518518518519
4 0.871875 0.17175925925925925 0.1111111111111111 0.15648148148148147
3 0.7760416666666666 0.30833333333333335 0.12708333333333333 0.21203703703703702