0 0.11284722222222222 0.4898148148148148 0.18263888888888888 0.262037037037037
0 0.15868055555555555 0.0787037037037037 0.3173611111111111 0.1537037037037037
0 0.10104166666666667 0.8791666666666667 0.20208333333333334 0.24166666666666667
0 0.23402777777777778 0.6143518518518518 0.1 0.1824074074074074
0 0.84375 0.3162037037037037 0.1875 0.27037037037037037
0 0.9607638888888889 0.3055555555555556 0.07847222222222222 0.36018518518518516
0 0.7791666666666667 0.1 0.08402777777777778 0.11203703703703703
0 0.29618055555555556 0.750462962962963 0.1361111111111111 0.1675925925925926
2 0.3927083333333333 0.125 0.11319444444444444 0.18981481481481483
2 0.4986111111111111 0.44166666666666665 0.09652777777777778 0.14537037037037037
2 0.7569444444444444 0.6717592592592593 0.3034722222222222 0.4703703703703704
3 0.6256944444444444 0.7768518518518519 0.5256944444444445 0.41944444444444445