0 0.4378472222222222 0.4439814814814815 0.19027777777777777 0.2722222222222222
0 0.5881944444444445 0.5930555555555556 0.16597222222222222 0.30925925925925923
0 0.7475694444444444 0.7138888888888889 0.12916666666666668 0.22685185185185186
0 0.7444444444444445 0.9847222222222223 0.09027777777777778 0.030555555555555555
0 0.9086805555555556 0.9 0.07361111111111111 0.11203703703703703
0 0.9746527777777778 0.9763888888888889 0.050694444444444445 0.04722222222222222
0 0.9868055555555556 0.7064814814814815 0.02638888888888889 0.30925925925925923
0 0.925 0.6615740740740741 0.04791666666666667 0.09166666666666666
0 0.05277777777777778 0.3578703703703704 0.10555555555555556 0.6916666666666667
0 0.15034722222222222 0.6152777777777778 0.19930555555555557 0.32314814814814813
0 0.6833333333333333 0.2800925925925926 0.29583333333333334 0.17777777777777778
2 0.34375 0.11157407407407408 0.1597222222222222 0.21666666666666667
2 0.9024305555555555 0.06944444444444445 0.06597222222222222 0.10833333333333334
4 0.48159722222222223 0.08796296296296297 0.09513888888888888 0.15925925925925927