0 0.37256944444444445 0.9078703703703703 0.20694444444444443 0.18425925925925926
0 0.4847222222222222 0.962037037037037 0.13472222222222222 0.07592592592592592
0 0.8732638888888888 0.9712962962962963 0.050694444444444445 0.05740740740740741
0 0.9576388888888889 0.9087962962962963 0.08472222222222223 0.1824074074074074
0 0.4173611111111111 0.10648148148148148 0.1625 0.1962962962962963
0 0.11215277777777778 0.05324074074074074 0.07222222222222222 0.03518518518518519
0 0.7493055555555556 0.0837962962962963 0.11805555555555555 0.16111111111111112
4 0.5850694444444444 0.7638888888888888 0.20555555555555555 0.14722222222222223
4 0.4201388888888889 0.41712962962962963 0.175 0.4074074074074074
0 0.020833333333333332 0.687037037037037 0.041666666666666664 0.2777777777777778
2 0.2791666666666667 0.39351851851851855 0.17777777777777778 0.37777777777777777
2 0.8694444444444445 0.4601851851851852 0.11388888888888889 0.3287037037037037
0 0.7951388888888888 0.2740740740740741 0.049305555555555554 0.13518518518518519