4 0.2482638888888889 0.6981481481481482 0.42777777777777776 0.6037037037037037
0 0.5506944444444445 0.9143518518518519 0.28680555555555554 0.1712962962962963
0 0.24618055555555557 0.11064814814814815 0.10416666666666667 0.14722222222222223
0 0.16701388888888888 0.3527777777777778 0.049305555555555554 0.06944444444444445
2 0.5798611111111112 0.3578703703703704 0.06875 0.13703703703703704
2 0.9791666666666666 0.6606481481481481 0.041666666666666664 0.2518518518518518
4 0.10833333333333334 0.1398148148148148 0.15833333333333333 0.2722222222222222
1 0.909375 0.6388888888888888 0.15069444444444444 0.29907407407407405
3 0.6572916666666667 0.14027777777777778 0.18263888888888888 0.27037037037037037
3 0.6871527777777777 0.29953703703703705 0.16111111111111112 0.30092592592592593
3 0.5069444444444444 0.08564814814814815 0.15069444444444444 0.1638888888888889
3 0.4465277777777778 0.24027777777777778 0.1701388888888889 0.30462962962962964
3 0.3451388888888889 0.3425925925925926 0.07847222222222222 0.1814814814814815
3 0.29583333333333334 0.22083333333333333 0.13472222222222222 0.19074074074074074