4 0.2423611111111111 0.18194444444444444 0.41597222222222224 0.3638888888888889
2 0.05520833333333333 0.41805555555555557 0.11041666666666666 0.17962962962962964
4 0.07152777777777777 0.6888888888888889 0.14305555555555555 0.31851851851851853
1 0.9392361111111112 0.15046296296296297 0.12152777777777778 0.30092592592592593
2 0.6034722222222222 0.47129629629629627 0.09513888888888888 0.1638888888888889
2 0.6447916666666667 0.9365740740740741 0.15763888888888888 0.12685185185185185
0 0.2232638888888889 0.7351851851851852 0.12430555555555556 0.16111111111111112
0 0.1892361111111111 0.9 0.22847222222222222 0.18611111111111112
0 0.34131944444444445 0.9629629629629629 0.04791666666666667 0.06111111111111111
0 0.9326388888888889 0.9069444444444444 0.13472222222222222 0.18611111111111112
3 0.6961805555555556 0.762962962962963 0.21458333333333332 0.33796296296296297
3 0.7201388888888889 0.5634259259259259 0.1840277777777778 0.3416666666666667
3 0.49375 0.8773148148148148 0.19791666666666666 0.24537037037037038
3 0.44722222222222224 0.5949074074074074 0.18680555555555556 0.31296296296296294
3 0.2815972222222222 0.6226851851851852 0.14722222222222223 0.22037037037037038
3 0.33645833333333336 0.4671296296296296 0.08402777777777778 0.1824074074074074
0 0.1451388888888889 0.4722222222222222 0.0625 0.09166666666666666