3 0.16354166666666667 0.15462962962962962 0.25625 0.30925925925925923
3 0.365625 0.38842592592592595 0.1423611111111111 0.38055555555555554
3 0.21145833333333333 0.7032407407407407 0.19652777777777777 0.32685185185185184
0 0.7690972222222222 0.2791666666666667 0.07361111111111111 0.13240740740740742
0 0.8319444444444445 0.55 0.15625 0.2537037037037037
0 0.7423611111111111 0.687037037037037 0.11944444444444445 0.23055555555555557
0 0.65625 0.7189814814814814 0.06597222222222222 0.125
0 0.6833333333333333 0.5416666666666666 0.03958333333333333 0.04722222222222222
0 0.7131944444444445 0.44074074074074077 0.10416666666666667 0.12685185185185185
0 0.6434027777777778 0.375 0.09652777777777778 0.11018518518518519
0 0.6763888888888889 0.262037037037037 0.07361111111111111 0.15555555555555556
4 0.50625 0.2175925925925926 0.2791666666666667 0.32685185185185184
2 0.88125 0.09814814814814815 0.12291666666666666 0.1962962962962963
0 0.9135416666666667 0.7300925925925926 0.17291666666666666 0.5398148148148149