0 0.39479166666666665 0.38564814814814813 0.22569444444444445 0.4638888888888889
0 0.3482638888888889 0.7851851851851852 0.15625 0.22685185185185186
0 0.21770833333333334 0.9171296296296296 0.18888888888888888 0.16574074074074074
0 0.09826388888888889 0.7615740740740741 0.15347222222222223 0.11481481481481481
0 0.14965277777777777 0.6430555555555556 0.12152777777777778 0.13240740740740742
0 0.044444444444444446 0.6583333333333333 0.0763888888888889 0.06111111111111111
0 0.8180555555555555 0.9435185185185185 0.07013888888888889 0.1
0 0.8756944444444444 0.19212962962962962 0.1701388888888889 0.37037037037037035
4 0.5208333333333334 0.8893518518518518 0.21458333333333332 0.2212962962962963
4 0.41006944444444443 0.09305555555555556 0.2638888888888889 0.18611111111111112
2 0.171875 0.08888888888888889 0.26805555555555555 0.17777777777777778
2 0.09444444444444444 0.36203703703703705 0.09236111111111112 0.35185185185185186
0 0.05659722222222222 0.46944444444444444 0.041666666666666664 0.07314814814814814
0 0.9854166666666667 0.7097222222222223 0.029166666666666667 0.08981481481481482
1 0.9201388888888888 0.7023148148148148 0.05555555555555555 0.07407407407407407
1 0.9447916666666667 0.637962962962963 0.041666666666666664 0.06759259259259259