0 0.1701388888888889 0.23935185185185184 0.08888888888888889 0.12314814814814815
0 0.4486111111111111 0.3111111111111111 0.11527777777777778 0.23333333333333334
4 0.8184027777777778 0.3648148148148148 0.20069444444444445 0.37037037037037035
4 0.6635416666666667 0.5513888888888889 0.20069444444444445 0.3861111111111111
4 0.6052083333333333 0.21898148148148147 0.24861111111111112 0.37037037037037035
4 0.38819444444444445 0.06157407407407407 0.35555555555555557 0.11296296296296296
4 0.14479166666666668 0.37037037037037035 0.2534722222222222 0.4027777777777778
4 0.022222222222222223 0.4152777777777778 0.044444444444444446 0.19444444444444445
4 0.4684027777777778 0.8916666666666667 0.13194444444444445 0.2101851851851852
4 0.33194444444444443 0.7638888888888888 0.17152777777777778 0.29907407407407405
2 0.07430555555555556 0.8351851851851851 0.1486111111111111 0.2796296296296296
2 0.3451388888888889 0.31296296296296294 0.0763888888888889 0.11203703703703703