4 0.48333333333333334 0.775 0.28958333333333336 0.45
2 0.7048611111111112 0.663425925925926 0.12291666666666666 0.27037037037037037
4 0.7850694444444445 0.7606481481481482 0.12569444444444444 0.2111111111111111
4 0.6854166666666667 0.26157407407407407 0.21041666666666667 0.2490740740740741
4 0.3458333333333333 0.1125 0.15833333333333333 0.17407407407407408
0 0.12118055555555556 0.7087962962962963 0.2423611111111111 0.43333333333333335
0 0.1326388888888889 0.2125 0.2652777777777778 0.4074074074074074
2 0.10659722222222222 0.4388888888888889 0.18541666666666667 0.20092592592592592
0 0.9607638888888889 0.2851851851851852 0.07847222222222222 0.18796296296296297
0 0.7118055555555556 0.10648148148148148 0.10902777777777778 0.07407407407407407
0 0.4625 0.21805555555555556 0.11041666666666666 0.15925925925925927
0 0.9135416666666667 0.08055555555555556 0.07361111111111111 0.13703703703703704
0 0.3451388888888889 0.6800925925925926 0.0763888888888889 0.08425925925925926
2 0.4791666666666667 0.4388888888888889 0.03958333333333333 0.05925925925925926
0 0.8329861111111111 0.5365740740740741 0.10277777777777777 0.2101851851851852
3 0.8427083333333333 0.24444444444444444 0.22361111111111112 0.30648148148148147