0 0.5652777777777778 0.26157407407407407 0.30069444444444443 0.3398148148148148
0 0.40555555555555556 0.4078703703703704 0.08472222222222223 0.11481481481481481
0 0.334375 0.5143518518518518 0.09791666666666667 0.17962962962962964
0 0.36180555555555555 0.7435185185185185 0.10694444444444444 0.15092592592592594
0 0.26319444444444445 0.8189814814814815 0.07013888888888889 0.10462962962962963
0 0.1267361111111111 0.8407407407407408 0.17777777777777778 0.31851851851851853
0 0.29305555555555557 0.9356481481481481 0.17777777777777778 0.1287037037037037
0 0.12569444444444444 0.4837962962962963 0.09652777777777778 0.1962962962962963
4 0.2107638888888889 0.20324074074074075 0.2465277777777778 0.3990740740740741
4 0.3940972222222222 0.06111111111111111 0.16111111111111112 0.11851851851851852
4 0.6458333333333334 0.7208333333333333 0.47430555555555554 0.5583333333333333
1 0.8989583333333333 0.0912037037037037 0.1284722222222222 0.17222222222222222
2 0.9746527777777778 0.1 0.050694444444444445 0.2