4 0.5361111111111111 0.6921296296296297 0.28055555555555556 0.5277777777777778
4 0.41875 0.0912037037037037 0.13194444444444445 0.16944444444444445
4 0.7545138888888889 0.1675925925925926 0.1840277777777778 0.22037037037037038
0 0.3121527777777778 0.9120370370370371 0.17291666666666666 0.17592592592592593
0 0.1701388888888889 0.5069444444444444 0.2916666666666667 0.38055555555555554
0 0.42777777777777776 0.524537037037037 0.07361111111111111 0.09166666666666666
0 0.06458333333333334 0.749537037037037 0.12916666666666668 0.17962962962962964
0 0.1486111111111111 0.12777777777777777 0.2972222222222222 0.25555555555555554
0 0.9163194444444445 0.4078703703703704 0.10416666666666667 0.1925925925925926
0 0.5413194444444445 0.15231481481481482 0.09236111111111112 0.10185185185185185
0 0.7805555555555556 0.028703703703703703 0.09930555555555555 0.05092592592592592
3 0.8972222222222223 0.1675925925925926 0.18263888888888888 0.30092592592592593
3 0.61875 0.04814814814814815 0.23472222222222222 0.09351851851851851
2 0.7677083333333333 0.549074074074074 0.15 0.262037037037037
4 0.8659722222222223 0.6296296296296297 0.1284722222222222 0.22037037037037038
0 0.9100694444444445 0.675 0.0763888888888889 0.11203703703703703