0 0.32916666666666666 0.7865740740740741 0.23958333333333334 0.42685185185185187
0 0.3059027777777778 0.3699074074074074 0.16527777777777777 0.25925925925925924
0 0.09583333333333334 0.5319444444444444 0.13333333333333333 0.19444444444444445
0 0.06979166666666667 0.31203703703703706 0.13958333333333334 0.15092592592592594
0 0.02361111111111111 0.43333333333333335 0.04722222222222222 0.08425925925925926
0 0.17465277777777777 0.13287037037037036 0.23472222222222222 0.262037037037037
0 0.8180555555555555 0.21805555555555556 0.09027777777777778 0.11481481481481481
0 0.9777777777777777 0.4976851851851852 0.044444444444444446 0.09444444444444444
2 0.044444444444444446 0.7606481481481482 0.08888888888888889 0.24166666666666667
2 0.6815972222222222 0.10046296296296296 0.12430555555555556 0.20092592592592592
4 0.7645833333333333 0.15648148148148147 0.10277777777777777 0.17407407407407408
4 0.49375 0.2125 0.21805555555555556 0.3907407407407407