0 0.1267361111111111 0.6370370370370371 0.24097222222222223 0.5768518518518518
0 0.14583333333333334 0.12962962962962962 0.15 0.20462962962962963
0 0.3145833333333333 0.36898148148148147 0.08402777777777778 0.09444444444444444
0 0.28368055555555555 0.44074074074074077 0.0625 0.06944444444444445
0 0.24305555555555555 0.2722222222222222 0.11041666666666666 0.17222222222222222
0 0.7975694444444444 0.05416666666666667 0.1361111111111111 0.10833333333333334
0 0.9479166666666666 0.0625 0.10416666666666667 0.125
2 0.7329861111111111 0.32407407407407407 0.25763888888888886 0.46574074074074073
2 0.50625 0.1361111111111111 0.07847222222222222 0.12685185185185185
4 0.06076388888888889 0.8546296296296296 0.12152777777777778 0.23333333333333334
3 0.7517361111111112 0.7393518518518518 0.26805555555555555 0.5212962962962963
3 0.4739583333333333 0.4888888888888889 0.2298611111111111 0.49722222222222223
3 0.44166666666666665 0.8402777777777778 0.2361111111111111 0.29907407407407405
3 0.23541666666666666 0.8833333333333333 0.16875 0.23333333333333334
2 0.6104166666666667 0.9643518518518519 0.10416666666666667 0.0712962962962963