0 0.2222222222222222 0.40879629629629627 0.2763888888888889 0.37037037037037035
0 0.08680555555555555 0.6199074074074075 0.1736111111111111 0.1814814814814815
0 0.03611111111111111 0.7379629629629629 0.07222222222222222 0.06111111111111111
0 0.10416666666666667 0.9305555555555556 0.18263888888888888 0.1388888888888889
0 0.3388888888888889 0.7824074074074074 0.1597222222222222 0.2962962962962963
0 0.884375 0.31203703703703706 0.09375 0.1675925925925926
0 0.5392361111111111 0.12361111111111112 0.10694444444444444 0.11481481481481481
4 0.7409722222222223 0.12453703703703704 0.17291666666666666 0.20833333333333334
4 0.55 0.5907407407407408 0.25277777777777777 0.4564814814814815
4 0.42118055555555556 0.07175925925925926 0.11666666666666667 0.13333333333333333
4 0.8503472222222223 0.5185185185185185 0.11388888888888889 0.20092592592592592
2 0.7506944444444444 0.4476851851851852 0.14097222222222222 0.25555555555555554
0 0.1486111111111111 0.09074074074074075 0.2972222222222222 0.1814814814814815
0 0.8788194444444445 0.5787037037037037 0.07222222222222222 0.11203703703703703