3 0.5159722222222223 0.2671296296296296 0.4736111111111111 0.49722222222222223
0 0.11493055555555555 0.6412037037037037 0.2298611111111111 0.7175925925925926
0 0.2767361111111111 0.38981481481481484 0.06319444444444444 0.13055555555555556
0 0.45 0.6791666666666667 0.09791666666666667 0.16111111111111112
0 0.9284722222222223 0.3648148148148148 0.0798611111111111 0.14351851851851852
0 0.9739583333333334 0.6134259259259259 0.052083333333333336 0.2111111111111111
0 0.7638888888888888 0.4273148148148148 0.04583333333333333 0.06296296296296296
0 0.715625 0.49166666666666664 0.09652777777777778 0.11018518518518519
3 0.8395833333333333 0.5819444444444445 0.20208333333333334 0.35185185185185186
0 0.8465277777777778 0.9476851851851852 0.07083333333333333 0.09814814814814815
2 0.7913194444444445 0.8662037037037037 0.03958333333333333 0.09814814814814815
4 0.7 0.6759259259259259 0.22708333333333333 0.2796296296296296
4 0.3236111111111111 0.5939814814814814 0.1701388888888889 0.23703703703703705
4 0.14652777777777778 0.19722222222222222 0.21180555555555555 0.3435185185185185