0 0.6708333333333333 0.21342592592592594 0.23958333333333334 0.42685185185185187
0 0.6940972222222223 0.6300925925925925 0.16527777777777777 0.25925925925925924
0 0.9041666666666667 0.46805555555555556 0.13333333333333333 0.19444444444444445
0 0.9302083333333333 0.687962962962963 0.13958333333333334 0.15092592592592594
0 0.9763888888888889 0.5666666666666667 0.04722222222222222 0.08425925925925926
0 0.8253472222222222 0.8671296296296296 0.23472222222222222 0.262037037037037
0 0.18194444444444444 0.7819444444444444 0.09027777777777778 0.11481481481481481
0 0.022222222222222223 0.5023148148148148 0.044444444444444446 0.09444444444444444
2 0.9555555555555556 0.23935185185185184 0.08888888888888889 0.24166666666666667
2 0.31840277777777776 0.899537037037037 0.12430555555555556 0.20092592592592592
4 0.23541666666666666 0.8435185185185186 0.10277777777777777 0.17407407407407408
4 0.50625 0.7875 0.21805555555555556 0.3907407407407407