0 0.5635416666666667 0.8546296296296296 0.4263888888888889 0.29074074074074074
0 0.6809027777777777 0.5805555555555556 0.25 0.3824074074074074
0 0.7371527777777778 0.2865740740740741 0.1423611111111111 0.26944444444444443
0 0.703125 0.058333333333333334 0.10138888888888889 0.10648148148148148
0 0.8590277777777777 0.055092592592592596 0.050694444444444445 0.06944444444444445
0 0.871875 0.17916666666666667 0.07361111111111111 0.09814814814814815
0 0.9576388888888889 0.058333333333333334 0.08472222222222223 0.11666666666666667
0 0.95 0.262037037037037 0.1 0.2537037037037037
0 0.2590277777777778 0.45694444444444443 0.20277777777777778 0.2740740740740741
0 0.14097222222222222 0.5356481481481481 0.12916666666666668 0.1814814814814815
4 0.159375 0.06527777777777778 0.15833333333333333 0.13055555555555556
4 0.05451388888888889 0.43657407407407406 0.08888888888888889 0.17592592592592593
2 0.07291666666666667 0.749537037037037 0.11319444444444444 0.17962962962962964
1 0.8788194444444445 0.6689814814814815 0.18888888888888888 0.587037037037037