0 0.31805555555555554 0.4 0.20416666666666666 0.4212962962962963
0 0.28923611111111114 0.09722222222222222 0.175 0.1814814814814815
0 0.14201388888888888 0.034722222222222224 0.10902777777777778 0.06944444444444445
0 0.09375 0.23703703703703705 0.10138888888888889 0.15185185185185185
0 0.052083333333333336 0.14444444444444443 0.10416666666666667 0.14722222222222223
0 0.012152777777777778 0.2657407407407407 0.024305555555555556 0.06759259259259259
0 0.7354166666666667 0.4898148148148148 0.13333333333333333 0.35
0 0.8052083333333333 0.725925925925926 0.059722222222222225 0.13240740740740742
0 0.878125 0.16342592592592592 0.06875 0.07314814814814814
4 0.3541666666666667 0.8087962962962963 0.22847222222222222 0.3824074074074074
4 0.4510416666666667 0.07037037037037037 0.14097222222222222 0.14074074074074075
2 0.8895833333333333 0.9601851851851851 0.11666666666666667 0.07962962962962963
2 0.14722222222222223 0.8231481481481482 0.2611111111111111 0.3537037037037037
2 0.043055555555555555 0.45416666666666666 0.08611111111111111 0.1712962962962963