0 0.2791666666666667 0.8004629629629629 0.2465277777777778 0.3990740740740741
3 0.2298611111111111 0.39351851851851855 0.2590277777777778 0.3296296296296296
3 0.09826388888888889 0.2412037037037037 0.19652777777777777 0.41759259259259257
3 0.07604166666666666 0.7527777777777778 0.14722222222222223 0.48703703703703705
1 0.8649305555555555 0.5009259259259259 0.2298611111111111 0.3925925925925926
1 0.6236111111111111 0.4111111111111111 0.12291666666666666 0.17222222222222222
1 0.5006944444444444 0.7476851851851852 0.13333333333333333 0.1925925925925926
4 0.49930555555555556 0.2361111111111111 0.0798611111111111 0.08981481481481482
0 0.2569444444444444 0.07546296296296297 0.0798611111111111 0.1
3 0.6350694444444445 0.1412037037037037 0.0875 0.0962962962962963
0 0.9708333333333333 0.2800925925925926 0.05555555555555555 0.07314814814814814