3 0.8364583333333333 0.15462962962962962 0.25625 0.30925925925925923
3 0.634375 0.38842592592592595 0.1423611111111111 0.38055555555555554
3 0.7885416666666667 0.7032407407407407 0.19652777777777777 0.32685185185185184
0 0.2309027777777778 0.2791666666666667 0.07361111111111111 0.13240740740740742
0 0.16805555555555557 0.55 0.15625 0.2537037037037037
0 0.25763888888888886 0.687037037037037 0.11944444444444445 0.23055555555555557
0 0.34375 0.7189814814814814 0.06597222222222222 0.125
0 0.31666666666666665 0.5416666666666666 0.03958333333333333 0.04722222222222222
0 0.28680555555555554 0.44074074074074077 0.10416666666666667 0.12685185185185185
0 0.35659722222222223 0.375 0.09652777777777778 0.11018518518518519
0 0.3236111111111111 0.262037037037037 0.07361111111111111 0.15555555555555556
4 0.49375 0.2175925925925926 0.2791666666666667 0.32685185185185184
2 0.11875 0.09814814814814815 0.12291666666666666 0.1962962962962963
0 0.08645833333333333 0.7300925925925926 0.17291666666666666 0.5398148148148149