0 0.6680555555555555 0.8240740740740741 0.2548611111111111 0.35185185185185186
0 0.7329861111111111 0.5083333333333333 0.14583333333333334 0.28888888888888886
0 0.7017361111111111 0.15833333333333333 0.10694444444444444 0.2351851851851852
0 0.8711805555555555 0.1787037037037037 0.052083333333333336 0.10277777777777777
0 0.9524305555555556 0.1648148148148148 0.09513888888888888 0.29259259259259257
0 0.9576388888888889 0.4847222222222222 0.08472222222222223 0.31666666666666665
0 0.9746527777777778 0.7393518518518518 0.050694444444444445 0.17962962962962964
0 0.884375 0.35462962962962963 0.07847222222222222 0.12037037037037036
0 0.115625 0.7666666666666667 0.12430555555555556 0.18611111111111112
0 0.22777777777777777 0.6708333333333333 0.1840277777777778 0.30648148148148147
2 0.45381944444444444 0.9583333333333334 0.20208333333333334 0.08333333333333333
2 0.06840277777777778 0.9060185185185186 0.13680555555555557 0.18425925925925926
0 0.5423611111111111 0.04814814814814815 0.13333333333333333 0.0962962962962963
4 0.09583333333333334 0.15462962962962962 0.18125 0.29907407407407405
4 0.03993055555555555 0.6226851851851852 0.0798611111111111 0.20277777777777778
1 0.8805555555555555 0.7833333333333333 0.22361111111111112 0.43333333333333335