0 0.08194444444444444 0.9120370370370371 0.1638888888888889 0.17592592592592593
0 0.14201388888888888 0.425462962962963 0.28402777777777777 0.5027777777777778
0 0.115625 0.125 0.23125 0.24351851851851852
0 0.8541666666666666 0.7875 0.175 0.24166666666666667
2 0.5024305555555556 0.8699074074074075 0.07083333333333333 0.11851851851851852
2 0.7861111111111111 0.9435185185185185 0.2423611111111111 0.11296296296296296
2 0.37430555555555556 0.47129629629629627 0.12708333333333333 0.24166666666666667
2 0.30659722222222224 0.14629629629629629 0.1840277777777778 0.2861111111111111
4 0.7392361111111111 0.16574074074074074 0.21666666666666667 0.3287037037037037
1 0.9201388888888888 0.6412037037037037 0.10416666666666667 0.15555555555555556
1 0.8673611111111111 0.41944444444444445 0.15069444444444444 0.22037037037037038
4 0.9649305555555555 0.17777777777777778 0.07013888888888889 0.12222222222222222