4 0.2423611111111111 0.8180555555555555 0.41597222222222224 0.3638888888888889
2 0.05520833333333333 0.5819444444444445 0.11041666666666666 0.17962962962962964
4 0.07152777777777777 0.3111111111111111 0.14305555555555555 0.31851851851851853
1 0.9392361111111112 0.8495370370370371 0.12152777777777778 0.30092592592592593
2 0.6034722222222222 0.5287037037037037 0.09513888888888888 0.1638888888888889
2 0.6447916666666667 0.06342592592592593 0.15763888888888888 0.12685185185185185
0 0.2232638888888889 0.26481481481481484 0.12430555555555556 0.16111111111111112
0 0.1892361111111111 0.1 0.22847222222222222 0.18611111111111112
0 0.34131944444444445 0.037037037037037035 0.04791666666666667 0.06111111111111111
0 0.9326388888888889 0.09305555555555556 0.13472222222222222 0.18611111111111112
3 0.6961805555555556 0.23703703703703705 0.21458333333333332 0.33796296296296297
3 0.7201388888888889 0.43657407407407406 0.1840277777777778 0.3416666666666667
3 0.49375 0.12268518518518519 0.19791666666666666 0.24537037037037038
3 0.44722222222222224 0.4050925925925926 0.18680555555555556 0.31296296296296294
3 0.2815972222222222 0.3773148148148148 0.14722222222222223 0.22037037037037038
3 0.33645833333333336 0.5328703703703703 0.08402777777777778 0.1824074074074074
0 0.1451388888888889 0.5277777777777778 0.0625 0.09166666666666666