0 0.5767361111111111 0.725 0.1284722222222222 0.26944444444444443
0 0.42569444444444443 0.8689814814814815 0.21944444444444444 0.25555555555555554
0 0.7652777777777777 0.21481481481481482 0.14722222222222223 0.2740740740740741
0 0.74375 0.5856481481481481 0.10138888888888889 0.23055555555555557
0 0.9211805555555556 0.6083333333333333 0.04583333333333333 0.08981481481481482
0 0.9829861111111111 0.6143518518518518 0.034027777777777775 0.30462962962962964
0 0.9211805555555556 0.39490740740740743 0.05555555555555555 0.11296296296296296
0 0.9753472222222223 0.23287037037037037 0.049305555555555554 0.29259259259259257
0 0.24305555555555555 0.10138888888888889 0.12083333333333333 0.20277777777777778
0 0.14965277777777777 0.052314814814814814 0.08611111111111111 0.10462962962962963
0 0.04513888888888889 0.7782407407407408 0.09027777777777778 0.4398148148148148
4 0.14791666666666667 0.6217592592592592 0.20694444444444443 0.32314814814814813
4 0.07534722222222222 0.15833333333333333 0.09027777777777778 0.18796296296296297
1 0.8989583333333333 0.07453703703703704 0.1736111111111111 0.14907407407407408