0 0.6274305555555556 0.9078703703703703 0.20694444444444443 0.18425925925925926
0 0.5152777777777777 0.962037037037037 0.13472222222222222 0.07592592592592592
0 0.1267361111111111 0.9712962962962963 0.050694444444444445 0.05740740740740741
0 0.04236111111111111 0.9087962962962963 0.08472222222222223 0.1824074074074074
0 0.5826388888888889 0.10648148148148148 0.1625 0.1962962962962963
0 0.8878472222222222 0.05324074074074074 0.07222222222222222 0.03518518518518519
0 0.25069444444444444 0.0837962962962963 0.11805555555555555 0.16111111111111112
4 0.4149305555555556 0.7638888888888888 0.20555555555555555 0.14722222222222223
4 0.5798611111111112 0.41712962962962963 0.175 0.4074074074074074
0 0.9791666666666666 0.687037037037037 0.041666666666666664 0.2777777777777778
2 0.7208333333333333 0.39351851851851855 0.17777777777777778 0.37777777777777777
2 0.13055555555555556 0.4601851851851852 0.11388888888888889 0.3287037037037037
0 0.2048611111111111 0.2740740740740741 0.049305555555555554 0.13518518518518519