0 0.5274305555555555 0.9231481481481482 0.10277777777777777 0.1537037037037037
0 0.7736111111111111 0.10648148148148148 0.0875 0.11851851851851852
0 0.5190972222222222 0.1837962962962963 0.10416666666666667 0.21481481481481482
0 0.9625 0.5328703703703703 0.075 0.1824074074074074
2 0.91875 0.6902777777777778 0.1625 0.2675925925925926
2 0.6149305555555555 0.19027777777777777 0.07013888888888889 0.10648148148148148
4 0.634375 0.6268518518518519 0.16527777777777777 0.30925925925925923
4 0.5083333333333333 0.725925925925926 0.13333333333333333 0.17592592592592593
4 0.36215277777777777 0.1300925925925926 0.2701388888888889 0.24351851851851852
4 0.2423611111111111 0.2800925925925926 0.35555555555555557 0.5157407407407407
4 0.8006944444444445 0.22824074074074074 0.23333333333333334 0.37222222222222223
4 0.9472222222222222 0.28194444444444444 0.10277777777777777 0.3638888888888889