4 0.2482638888888889 0.30185185185185187 0.42777777777777776 0.6037037037037037
0 0.5506944444444445 0.08564814814814815 0.28680555555555554 0.1712962962962963
0 0.24618055555555557 0.8893518518518518 0.10416666666666667 0.14722222222222223
0 0.16701388888888888 0.6472222222222223 0.049305555555555554 0.06944444444444445
2 0.5798611111111112 0.6421296296296296 0.06875 0.13703703703703704
2 0.9791666666666666 0.33935185185185185 0.041666666666666664 0.2518518518518518
4 0.10833333333333334 0.8601851851851852 0.15833333333333333 0.2722222222222222
1 0.909375 0.3611111111111111 0.15069444444444444 0.29907407407407405
3 0.6572916666666667 0.8597222222222223 0.18263888888888888 0.27037037037037037
3 0.6871527777777777 0.700462962962963 0.16111111111111112 0.30092592592592593
3 0.5069444444444444 0.9143518518518519 0.15069444444444444 0.1638888888888889
3 0.4465277777777778 0.7597222222222222 0.1701388888888889 0.30462962962962964
3 0.3451388888888889 0.6574074074074074 0.07847222222222222 0.1814814814814815
3 0.29583333333333334 0.7791666666666667 0.13472222222222222 0.19074074074074074