3 0.16354166666666667 0.8453703703703703 0.25625 0.30925925925925923
3 0.365625 0.611574074074074 0.1423611111111111 0.38055555555555554
3 0.21145833333333333 0.2967592592592593 0.19652777777777777 0.32685185185185184
0 0.7690972222222222 0.7208333333333333 0.07361111111111111 0.13240740740740742
0 0.8319444444444445 0.45 0.15625 0.2537037037037037
0 0.7423611111111111 0.31296296296296294 0.11944444444444445 0.23055555555555557
0 0.65625 0.2810185185185185 0.06597222222222222 0.125
0 0.6833333333333333 0.4583333333333333 0.03958333333333333 0.04722222222222222
0 0.7131944444444445 0.5592592592592592 0.10416666666666667 0.12685185185185185
0 0.6434027777777778 0.625 0.09652777777777778 0.11018518518518519
0 0.6763888888888889 0.7379629629629629 0.07361111111111111 0.15555555555555556
4 0.50625 0.7824074074074074 0.2791666666666667 0.32685185185185184
2 0.88125 0.9018518518518519 0.12291666666666666 0.1962962962962963
0 0.9135416666666667 0.26990740740740743 0.17291666666666666 0.5398148148148149