3 0.7951388888888888 0.18611111111111112 0.18888888888888888 0.3685185185185185
3 0.6295138888888889 0.05416666666666667 0.15 0.10833333333333334
3 0.9027777777777778 0.5439814814814815 0.19444444444444445 0.2824074074074074
0 0.28125 0.1050925925925926 0.10277777777777777 0.11203703703703703
0 0.36666666666666664 0.03981481481481482 0.11944444444444445 0.07962962962962963
0 0.15659722222222222 0.20879629629629629 0.15833333333333333 0.24537037037037038
0 0.23333333333333334 0.36018518518518516 0.12430555555555556 0.2574074074074074
0 0.3388888888888889 0.41805555555555557 0.06111111111111111 0.125
0 0.07673611111111112 0.4981481481481482 0.15347222222222223 0.6416666666666667
3 0.05659722222222222 0.11574074074074074 0.10555555555555556 0.19074074074074074
2 0.628125 0.825 0.2763888888888889 0.2962962962962963
2 0.8756944444444444 0.8467592592592592 0.1875 0.30277777777777776
2 0.07361111111111111 0.9652777777777778 0.05555555555555555 0.06296296296296296