3 0.4798611111111111 0.8671296296296296 0.23333333333333334 0.2657407407407407
3 0.38055555555555554 0.2671296296296296 0.11388888888888889 0.30462962962962964
3 0.2222222222222222 0.37916666666666665 0.17777777777777778 0.2740740740740741
4 0.5045138888888889 0.40694444444444444 0.25763888888888886 0.2962962962962963
0 0.6947916666666667 0.27175925925925926 0.0875 0.11018518518518519
0 0.6486111111111111 0.3597222222222222 0.07361111111111111 0.13333333333333333
0 0.7444444444444445 0.3875 0.059722222222222225 0.11851851851851852
0 0.8121527777777777 0.1912037037037037 0.14722222222222223 0.1962962962962963
0 0.7354166666666667 0.05740740740740741 0.11319444444444444 0.11481481481481481
0 0.9048611111111111 0.16574074074074074 0.19027777777777777 0.3314814814814815
0 0.9631944444444445 0.700462962962963 0.07361111111111111 0.1824074074074074
2 0.865625 0.6402777777777777 0.13472222222222222 0.2962962962962963