0 0.746875 0.19722222222222222 0.03958333333333333 0.08611111111111111
0 0.7836805555555556 0.18101851851851852 0.049305555555555554 0.05740740740740741
0 0.6795138888888889 0.5032407407407408 0.09236111111111112 0.16111111111111112
1 0.365625 0.6842592592592592 0.0763888888888889 0.13333333333333333
4 0.17395833333333333 0.6810185185185185 0.13472222222222222 0.262037037037037
4 0.13125 0.3712962962962963 0.11041666666666666 0.1675925925925926
4 0.04201388888888889 0.2722222222222222 0.08402777777777778 0.23055555555555557
0 0.027430555555555555 0.95 0.05486111111111111 0.1
0 0.017708333333333333 0.812962962962963 0.035416666666666666 0.10277777777777777
4 0.503125 0.8652777777777778 0.38472222222222224 0.26944444444444443
1 0.915625 0.6064814814814815 0.16597222222222222 0.21851851851851853