4 0.7576388888888889 0.8180555555555555 0.41597222222222224 0.3638888888888889
2 0.9447916666666667 0.5819444444444445 0.11041666666666666 0.17962962962962964
4 0.9284722222222223 0.3111111111111111 0.14305555555555555 0.31851851851851853
1 0.06076388888888889 0.8495370370370371 0.12152777777777778 0.30092592592592593
2 0.39652777777777776 0.5287037037037037 0.09513888888888888 0.1638888888888889
2 0.35520833333333335 0.06342592592592593 0.15763888888888888 0.12685185185185185
0 0.7767361111111111 0.26481481481481484 0.12430555555555556 0.16111111111111112
0 0.8107638888888888 0.1 0.22847222222222222 0.18611111111111112
0 0.6586805555555556 0.037037037037037035 0.04791666666666667 0.06111111111111111
0 0.06736111111111111 0.09305555555555556 0.13472222222222222 0.18611111111111112
3 0.3038194444444444 0.23703703703703705 0.21458333333333332 0.33796296296296297
3 0.2798611111111111 0.43657407407407406 0.1840277777777778 0.3416666666666667
3 0.50625 0.12268518518518519 0.19791666666666666 0.24537037037037038
3 0.5527777777777778 0.4050925925925926 0.18680555555555556 0.31296296296296294
3 0.7184027777777777 0.3773148148148148 0.14722222222222223 0.22037037037037038
3 0.6635416666666667 0.5328703703703703 0.08402777777777778 0.1824074074074074
0 0.8548611111111111 0.5277777777777778 0.0625 0.09166666666666666