0 0.13506944444444444 0.4527777777777778 0.2701388888888889 0.887962962962963
0 0.9645833333333333 0.4601851851851852 0.07083333333333333 0.1824074074074074
0 0.9163194444444445 0.25787037037037036 0.08125 0.13333333333333333
0 0.7069444444444445 0.3199074074074074 0.08402777777777778 0.09814814814814815
0 0.7454861111111111 0.2962962962962963 0.041666666666666664 0.05740740740740741
2 0.6940972222222223 0.49583333333333335 0.1951388888888889 0.25
2 0.3229166666666667 0.3560185185185185 0.1486111111111111 0.20462962962962963
0 0.4579861111111111 0.45416666666666666 0.09375 0.11666666666666667
0 0.8381944444444445 0.7782407407407408 0.11041666666666666 0.18981481481481483
4 0.8253472222222222 0.9486111111111111 0.07222222222222222 0.10277777777777777
2 0.7149305555555555 0.9069444444444444 0.1284722222222222 0.18611111111111112
4 0.46319444444444446 0.9356481481481481 0.19305555555555556 0.1287037037037037
3 0.5520833333333334 0.21388888888888888 0.4083333333333333 0.42777777777777776
0 0.3173611111111111 0.17083333333333334 0.0763888888888889 0.09444444444444444