0 0.7583333333333333 0.2064814814814815 0.23194444444444445 0.412962962962963
0 0.75 0.5583333333333333 0.08888888888888889 0.10462962962962963
4 0.16944444444444445 0.8467592592592592 0.11805555555555555 0.2388888888888889
4 0.10208333333333333 0.5666666666666667 0.1076388888888889 0.15925925925925927
4 0.11493055555555555 0.1597222222222222 0.11041666666666666 0.2111111111111111
4 0.02847222222222222 0.5060185185185185 0.05694444444444444 0.2064814814814815
1 0.35138888888888886 0.8648148148148148 0.07083333333333333 0.11481481481481481
2 0.5152777777777777 0.6328703703703704 0.40625 0.524074074074074
0 0.6503472222222222 0.6935185185185185 0.0875 0.10833333333333334
1 0.9086805555555556 0.8027777777777778 0.16527777777777777 0.19074074074074074
1 0.9725694444444445 0.6398148148148148 0.05486111111111111 0.1287037037037037