0 0.3920138888888889 0.30462962962962964 0.16527777777777777 0.33796296296296297
0 0.33125 0.09305555555555556 0.13680555555555557 0.14537037037037037
0 0.175 0.2023148148148148 0.09375 0.13703703703703704
0 0.20416666666666666 0.040740740740740744 0.11666666666666667 0.08148148148148149
0 0.06145833333333333 0.2513888888888889 0.07708333333333334 0.04537037037037037
0 0.08993055555555556 0.15324074074074073 0.10902777777777778 0.11296296296296296
0 0.7493055555555556 0.3282407407407407 0.11805555555555555 0.2574074074074074
0 0.8927083333333333 0.10740740740740741 0.06458333333333334 0.06296296296296296
4 0.40729166666666666 0.6935185185185185 0.20069444444444445 0.4166666666666667
0 0.8065972222222222 0.5550925925925926 0.05486111111111111 0.11481481481481481
2 0.23402777777777778 0.7046296296296296 0.22430555555555556 0.387037037037037
2 0.9034722222222222 0.8212962962962963 0.1423611111111111 0.3574074074074074
0 0.08958333333333333 0.3578703703703704 0.03680555555555556 0.05555555555555555
4 0.4753472222222222 0.05 0.15625 0.1
4 0.9753472222222223 0.2125 0.049305555555555554 0.21481481481481482