0 0.1642361111111111 0.6032407407407407 0.3284722222222222 0.7935185185185185
0 0.40555555555555556 0.624537037037037 0.13333333333333333 0.11851851851851852
0 0.33993055555555557 0.6995370370370371 0.24861111111111112 0.1638888888888889
0 0.2670138888888889 0.8546296296296296 0.16111111111111112 0.1287037037037037
0 0.43645833333333334 0.8712962962962963 0.23125 0.23333333333333334
0 0.5996527777777778 0.8967592592592593 0.1 0.15185185185185185
0 0.8604166666666667 0.06111111111111111 0.07847222222222222 0.12222222222222222
2 0.8288194444444444 0.8300925925925926 0.3423611111111111 0.3398148148148148
2 0.5274305555555555 0.4824074074074074 0.12083333333333333 0.18981481481481483
2 0.159375 0.19444444444444445 0.0798611111111111 0.08796296296296297
1 0.9295138888888889 0.30462962962962964 0.09791666666666667 0.16574074074074074
1 0.058333333333333334 0.23194444444444445 0.11666666666666667 0.23981481481481481
4 0.9579861111111111 0.3763888888888889 0.08402777777777778 0.21851851851851853
0 0.925 0.3925925925925926 0.05347222222222222 0.07407407407407407