0 0.17569444444444443 0.7587962962962963 0.35138888888888886 0.4824074074074074
0 0.3732638888888889 0.9629629629629629 0.2534722222222222 0.07407407407407407
0 0.5385416666666667 0.08194444444444444 0.2423611111111111 0.1537037037037037
0 0.3211805555555556 0.125 0.1701388888888889 0.25
0 0.8465277777777778 0.17175925925925925 0.08888888888888889 0.1712962962962963
4 0.9600694444444444 0.4425925925925926 0.0798611111111111 0.2388888888888889
0 0.43020833333333336 0.850925925925926 0.13472222222222222 0.1824074074074074
2 0.5336805555555556 0.6787037037037037 0.12083333333333333 0.2064814814814815
2 0.8368055555555556 0.8842592592592593 0.3263888888888889 0.23148148148148148
1 0.07048611111111111 0.5819444444444445 0.14097222222222222 0.25
2 0.16805555555555557 0.47962962962962963 0.1 0.10648148148148148
1 0.32916666666666666 0.3300925925925926 0.11805555555555555 0.12222222222222222
1 0.9072916666666667 0.0787037037037037 0.09375 0.14351851851851852