0 0.7583333333333333 0.7935185185185185 0.23194444444444445 0.412962962962963
0 0.75 0.44166666666666665 0.08888888888888889 0.10462962962962963
4 0.16944444444444445 0.15324074074074073 0.11805555555555555 0.2388888888888889
4 0.10208333333333333 0.43333333333333335 0.1076388888888889 0.15925925925925927
4 0.11493055555555555 0.8402777777777778 0.11041666666666666 0.2111111111111111
4 0.02847222222222222 0.49398148148148147 0.05694444444444444 0.2064814814814815
1 0.35138888888888886 0.13518518518518519 0.07083333333333333 0.11481481481481481
2 0.5152777777777777 0.36712962962962964 0.40625 0.524074074074074
0 0.6503472222222222 0.30648148148148147 0.0875 0.10833333333333334
1 0.9086805555555556 0.19722222222222222 0.16527777777777777 0.19074074074074074
1 0.9725694444444445 0.36018518518518516 0.05486111111111111 0.1287037037037037