0 0.39479166666666665 0.6143518518518518 0.22569444444444445 0.4638888888888889
0 0.3482638888888889 0.21481481481481482 0.15625 0.22685185185185186
0 0.21770833333333334 0.08287037037037037 0.18888888888888888 0.16574074074074074
0 0.09826388888888889 0.23842592592592593 0.15347222222222223 0.11481481481481481
0 0.14965277777777777 0.35694444444444445 0.12152777777777778 0.13240740740740742
0 0.044444444444444446 0.3416666666666667 0.0763888888888889 0.06111111111111111
0 0.8180555555555555 0.05648148148148148 0.07013888888888889 0.1
0 0.8756944444444444 0.8078703703703703 0.1701388888888889 0.37037037037037035
4 0.5208333333333334 0.11064814814814815 0.21458333333333332 0.2212962962962963
4 0.41006944444444443 0.9069444444444444 0.2638888888888889 0.18611111111111112
2 0.171875 0.9111111111111111 0.26805555555555555 0.17777777777777778
2 0.09444444444444444 0.637962962962963 0.09236111111111112 0.35185185185185186
0 0.05659722222222222 0.5305555555555556 0.041666666666666664 0.07314814814814814
0 0.9854166666666667 0.2902777777777778 0.029166666666666667 0.08981481481481482
1 0.9201388888888888 0.29768518518518516 0.05555555555555555 0.07407407407407407
1 0.9447916666666667 0.36203703703703705 0.041666666666666664 0.06759259259259259