0 0.5767361111111111 0.275 0.1284722222222222 0.26944444444444443
0 0.42569444444444443 0.1310185185185185 0.21944444444444444 0.25555555555555554
0 0.7652777777777777 0.7851851851851852 0.14722222222222223 0.2740740740740741
0 0.74375 0.41435185185185186 0.10138888888888889 0.23055555555555557
0 0.9211805555555556 0.39166666666666666 0.04583333333333333 0.08981481481481482
0 0.9829861111111111 0.38564814814814813 0.034027777777777775 0.30462962962962964
0 0.9211805555555556 0.6050925925925926 0.05555555555555555 0.11296296296296296
0 0.9753472222222223 0.7671296296296296 0.049305555555555554 0.29259259259259257
0 0.24305555555555555 0.8986111111111111 0.12083333333333333 0.20277777777777778
0 0.14965277777777777 0.9476851851851852 0.08611111111111111 0.10462962962962963
0 0.04513888888888889 0.22175925925925927 0.09027777777777778 0.4398148148148148
4 0.14791666666666667 0.37824074074074077 0.20694444444444443 0.32314814814814813
4 0.07534722222222222 0.8416666666666667 0.09027777777777778 0.18796296296296297
1 0.8989583333333333 0.9254629629629629 0.1736111111111111 0.14907407407407408