0 0.03159722222222222 0.8069444444444445 0.06319444444444444 0.16203703703703703
0 0.2708333333333333 0.31203703703703706 0.11041666666666666 0.21481481481481482
0 0.7368055555555556 0.22268518518518518 0.1736111111111111 0.4148148148148148
2 0.4392361111111111 0.5430555555555555 0.12708333333333333 0.16203703703703703
2 0.4465277777777778 0.6736111111111112 0.12916666666666668 0.10833333333333334
2 0.7628472222222222 0.8680555555555556 0.1798611111111111 0.2638888888888889
2 0.45 0.2791666666666667 0.28541666666666665 0.4027777777777778
4 0.5565972222222222 0.1388888888888889 0.16597222222222222 0.2638888888888889
0 0.9739583333333334 0.7962962962962963 0.052083333333333336 0.16111111111111112
0 0.4486111111111111 0.8925925925925926 0.0625 0.1
0 0.34965277777777776 0.9736111111111111 0.10277777777777777 0.05277777777777778