0 0.4909722222222222 0.5092592592592593 0.2534722222222222 0.3453703703703704
0 0.6440972222222222 0.27824074074074073 0.3263888888888889 0.4351851851851852
0 0.7118055555555556 0.7912037037037037 0.2361111111111111 0.3638888888888889
0 0.7923611111111111 0.950925925925926 0.09791666666666667 0.09814814814814815
0 0.9677083333333333 0.9337962962962963 0.06458333333333334 0.12222222222222222
0 0.9371527777777777 0.15833333333333333 0.0625 0.11018518518518519
0 0.46493055555555557 0.08194444444444444 0.11527777777777778 0.1574074074074074
0 0.17395833333333333 0.8444444444444444 0.11944444444444445 0.1925925925925926
0 0.2791666666666667 0.8949074074074074 0.18541666666666667 0.2101851851851852
4 0.09131944444444444 0.8847222222222222 0.09375 0.15555555555555556
2 0.08819444444444445 0.5712962962962963 0.10277777777777777 0.1638888888888889
2 0.965625 0.08564814814814815 0.06875 0.14722222222222223
2 0.9135416666666667 0.6657407407407407 0.17291666666666666 0.5231481481481481