0 0.17395833333333333 0.3699074074074074 0.12430555555555556 0.20462962962962963
0 0.13055555555555556 0.14629629629629629 0.25625 0.2759259259259259
2 0.6173611111111111 0.6666666666666666 0.10555555555555556 0.21296296296296297
2 0.7125 0.10740740740740741 0.22708333333333333 0.2111111111111111
2 0.035069444444444445 0.7074074074074074 0.07013888888888889 0.18611111111111112
4 0.07222222222222222 0.47962962962962963 0.14444444444444443 0.2111111111111111
4 0.05277777777777778 0.2986111111111111 0.10277777777777777 0.12685185185185185
3 0.7333333333333333 0.32083333333333336 0.2590277777777778 0.3574074074074074
3 0.7600694444444445 0.5356481481481481 0.19791666666666666 0.3675925925925926
3 0.4954861111111111 0.1685185185185185 0.21458333333333332 0.337037037037037
3 0.43333333333333335 0.4476851851851852 0.21180555555555555 0.2388888888888889
3 0.25243055555555555 0.4925925925925926 0.1673611111111111 0.30833333333333335
3 0.32222222222222224 0.674074074074074 0.10138888888888889 0.20462962962962963
4 0.24479166666666666 0.9138888888888889 0.3958333333333333 0.17222222222222222
0 0.11041666666666666 0.6532407407407408 0.06597222222222222 0.11851851851851852