0 0.3173611111111111 0.6564814814814814 0.18263888888888888 0.28425925925925927
0 0.203125 0.31805555555555554 0.2465277777777778 0.3314814814814815
0 0.07881944444444444 0.5120370370370371 0.15763888888888888 0.1574074074074074
0 0.029861111111111113 0.6217592592592592 0.059722222222222225 0.08333333333333333
0 0.09513888888888888 0.8148148148148148 0.13958333333333334 0.18796296296296297
0 0.8298611111111112 0.5194444444444445 0.08402777777777778 0.09814814814814815
0 0.9600694444444444 0.11064814814814815 0.0798611111111111 0.17777777777777778
0 0.9319444444444445 0.3699074074074074 0.1361111111111111 0.2861111111111111
0 0.8180555555555555 0.2722222222222222 0.11805555555555555 0.16574074074074074
0 0.5107638888888889 0.09722222222222222 0.09236111111111112 0.12037037037037036
0 0.4048611111111111 0.36203703703703705 0.05555555555555555 0.06759259259259259
0 0.3451388888888889 0.9671296296296297 0.18263888888888888 0.06574074074074074
4 0.5152777777777777 0.5018518518518519 0.23125 0.3972222222222222
4 0.6954861111111111 0.08055555555555556 0.19027777777777777 0.16111111111111112
2 0.05694444444444444 0.924537037037037 0.10902777777777778 0.15092592592592594
2 0.7079861111111111 0.3662037037037037 0.13194444444444445 0.2212962962962963
4 0.7996527777777778 0.4476851851851852 0.10138888888888889 0.17407407407407408
2 0.709375 0.962037037037037 0.06597222222222222 0.07592592592592592
0 0.9809027777777778 0.8314814814814815 0.03819444444444445 0.08333333333333333
0 0.14097222222222222 0.040740740740740744 0.28194444444444444 0.08148148148148149