0 0.6708333333333333 0.7865740740740741 0.23958333333333334 0.42685185185185187
0 0.6940972222222223 0.3699074074074074 0.16527777777777777 0.25925925925925924
0 0.9041666666666667 0.5319444444444444 0.13333333333333333 0.19444444444444445
0 0.9302083333333333 0.31203703703703706 0.13958333333333334 0.15092592592592594
0 0.9763888888888889 0.43333333333333335 0.04722222222222222 0.08425925925925926
0 0.8253472222222222 0.13287037037037036 0.23472222222222222 0.262037037037037
0 0.18194444444444444 0.21805555555555556 0.09027777777777778 0.11481481481481481
0 0.022222222222222223 0.4976851851851852 0.044444444444444446 0.09444444444444444
2 0.9555555555555556 0.7606481481481482 0.08888888888888889 0.24166666666666667
2 0.31840277777777776 0.10046296296296296 0.12430555555555556 0.20092592592592592
4 0.23541666666666666 0.15648148148148147 0.10277777777777777 0.17407407407407408
4 0.50625 0.2125 0.21805555555555556 0.3907407407407407