4 0.14097222222222222 0.4875 0.21597222222222223 0.4027777777777778
4 0.27534722222222224 0.5949074074074074 0.058333333333333334 0.11018518518518519
4 0.7284722222222222 0.8814814814814815 0.23333333333333334 0.23703703703703705
4 0.3145833333333333 0.862037037037037 0.20277777777777778 0.25555555555555554
0 0.46319444444444446 0.9189814814814815 0.14444444444444443 0.16203703703703703
0 0.27534722222222224 0.7277777777777777 0.08402777777777778 0.11481481481481481
0 0.11354166666666667 0.8800925925925925 0.2222222222222222 0.23981481481481481
0 0.7524305555555556 0.6921296296296297 0.10416666666666667 0.1388888888888889
0 0.7951388888888888 0.6013888888888889 0.03958333333333333 0.07314814814814814
0 0.96875 0.5277777777777778 0.0625 0.22037037037037038
3 0.884375 0.7717592592592593 0.21805555555555556 0.36574074074074076
3 0.8020833333333334 0.09074074074074075 0.10138888888888889 0.1814814814814815
3 0.7545138888888889 0.2564814814814815 0.2298611111111111 0.2824074074074074
3 0.490625 0.3875 0.5673611111111111 0.7444444444444445