0 0.2 0.29259259259259257 0.4 0.5685185185185185
0 0.10798611111111112 0.8222222222222222 0.21597222222222223 0.30092592592592593
0 0.284375 0.7944444444444444 0.12152777777777778 0.1814814814814815
0 0.2482638888888889 0.6347222222222222 0.13333333333333333 0.09166666666666666
0 0.4125 0.33564814814814814 0.25625 0.1814814814814815
0 0.3215277777777778 0.5050925925925925 0.15347222222222223 0.15092592592592594
0 0.37118055555555557 0.7425925925925926 0.1284722222222222 0.3148148148148148
0 0.4486111111111111 0.5125 0.11319444444444444 0.15185185185185185
0 0.6670138888888889 0.6310185185185185 0.11527777777777778 0.17962962962962964
0 0.5545138888888889 0.5634259259259259 0.1798611111111111 0.23703703703703705
0 0.5475694444444444 0.8949074074074074 0.09791666666666667 0.16574074074074074
0 0.7930555555555555 0.9736111111111111 0.08888888888888889 0.05277777777777778
2 0.8673611111111111 0.7087962962962963 0.2652777777777778 0.45
2 0.6121527777777778 0.2074074074074074 0.1284722222222222 0.19444444444444445