3 0.38506944444444446 0.6791666666666667 0.37430555555555556 0.37407407407407406
0 0.5913194444444444 0.8935185185185185 0.19027777777777777 0.21296296296296297
0 0.6381944444444444 0.7300925925925926 0.07361111111111111 0.14351851851851852
0 0.8475694444444445 0.8824074074074074 0.11388888888888889 0.2351851851851852
0 0.9131944444444444 0.5009259259259259 0.11041666666666666 0.18611111111111112
0 0.6986111111111111 0.18009259259259258 0.07013888888888889 0.09351851851851851
0 0.7690972222222222 0.05740740740740741 0.15208333333333332 0.11481481481481481
0 0.6517361111111111 0.09722222222222222 0.09513888888888888 0.08981481481481482
0 0.5944444444444444 0.1574074074074074 0.0875 0.09444444444444444
3 0.3503472222222222 0.09722222222222222 0.11944444444444445 0.1712962962962963
3 0.20868055555555556 0.08472222222222223 0.11527777777777778 0.16203703703703703
4 0.46944444444444444 0.16666666666666666 0.22361111111111112 0.24166666666666667
0 0.91875 0.08981481481481482 0.15208333333333332 0.17962962962962964
2 0.8114583333333333 0.4375 0.12291666666666666 0.2490740740740741