0 0.7047746612848441 0.8139215805841821 0.2342094432087132 0.3721568388316361
0 0.5897615708274895 0.7485822306238186 0.05750350631136044 0.09122507469967672
0 0.6072931276297335 0.6841880602475762 0.053295932678821815 0.10732361729373743
0 0.3674679472348513 0.6931825111287273 0.5077021783541396 0.6136349777425453
0 0.17321178120617112 0.2783147278148391 0.34642356241234223 0.5566294556296782
0 0.5392706872370266 0.22806268674919203 0.1781206171107994 0.2468443197755961
0 0.917251051893408 0.6244333935871422 0.1654978962131838 0.35808076363626407
0 0.9396914446002802 0.8910045259732635 0.12061711079943888 0.21799094805347294
0 0.6647966339410939 0.47893164217330325 0.1346423562412342 0.16366851637294957
0 0.66339402775502 0.24818586499176776 0.07854137447405328 0.14756997377888897
0 0.7103787326531125 0.059027989511555586 0.09116409537166902 0.11805597902311117
0 0.5869565217391305 0.06841880602475761 0.1079943899018233 0.09390816513202024
0 0.7454417952314165 0.31526312580035365 0.12762973352033655 0.13147143118482826
0 0.8113604488078542 0.651990975059455 0.04347826086956516 0.14488688334654554
0 0.8050490883590463 0.5272272699554851 0.047685834502103716 0.10464052686139404
