0 0.43247220405493786 0.3729016786570743 0.04262044909526921 0.08393285371702632
0 0.43811314584695876 0.4496402877697841 0.04136690647482013 0.06954436450839331
0 0.4907619359058208 0.37170263788968827 0.09652278177458029 0.13429256594724223
0 0.6505886200130804 0.1918465227817746 0.10028340963592769 0.19664268585131894
0 0.7477381730978854 0.3453237410071942 0.12159363418356221 0.12949640287769784
0 0.2463252979328916 0.2625898487307456 0.1115652932199695 0.1846522781774581
0 0.08210704163941575 0.21582733812949642 0.1391432308698496 0.13429256594724223
0 0.14290385873119685 0.07673860911270984 0.17800305210377154 0.1486810551558753
0 0.1855243078264661 0.32973621103117506 0.05515587529976019 0.11750599520383695
0 0.19116524961848705 0.41127098321342925 0.053902332679311125 0.05515587529976017
0 0.16045345541748418 0.5371702637889687 0.07521255722694573 0.08633093525179852
0 0.09840309570525399 0.7577937649880095 0.10655112273817309 0.17266187050359705
0 0.16233376934815782 0.8021582733812949 0.08649444081098757 0.184652278177458
0 0.26888489208633093 0.6139088729016787 0.06894484412470028 0.09592326139088726
0 0.21560933071724434 0.6714628297362111 0.030085022890778284 0.07194244604316545
0 0.4005068672334859 0.5011990407673861 0.0313385655112274 0.06714628297362112
