0 0.5988779803646564 0.5902798951155559 0.04207573632538569 0.07512653210561616
0 0.5897615708274895 0.4923470943350205 0.04067321178120608 0.0778096225379597
0 0.24193548387096775 0.7056527837063237 0.040673211781206184 0.09659125556436365
0 0.5525946704067322 0.4212451978779194 0.11220196353436193 0.23611195804622234
0 0.2517531556802244 0.27367522409903045 0.09116409537166899 0.13415452161717176
0 0.21598877980364656 0.17573377512131585 0.036465638148667594 0.06707726080858588
0 0.12692847124824685 0.3152631258003537 0.06591865357643759 0.07244344167327277
0 0.43267887800818544 0.37564779487314437 0.046283422215529016 0.11808624771323842
0 0.7405329593267882 0.08585889383498994 0.08415147265077139 0.15561924507591926
0 0.5624123422159887 0.12208061467162633 0.061711079943898996 0.13147143118482835
0 0.5098176718092567 0.2307457771815355 0.029453015427769954 0.059027989511555565
0 0.791023842917251 0.04963717299835355 0.044880785413744774 0.08854198426733337
0 0.9046283309957924 0.3434355753399598 0.039270687237026605 0.05366180864686872
0 0.07854137447405331 0.20257332764192937 0.12622720897615708 0.14220379291420213
0 0.8330995792426367 0.18110860418318192 0.08415147265077139 0.2173303250198183
