0 0.5810170045781556 0.3513189448441247 0.05390233267931116 0.08872901678657076
0 0.6085949422280358 0.2673860911270983 0.06894484412470028 0.10791366906474821
0 0.22877152823195993 0.5023980815347722 0.053902332679311125 0.07913669064748198
0 0.12786134728580772 0.5179856115107914 0.09526923915413125 0.1103117505995204
0 0.1855243078264661 0.26498800959232616 0.12034009156311315 0.1942446043165468
0 0.41931000654022244 0.32254196642685856 0.0313385655112274 0.07913669064748205
0 0.4161761499890996 0.4520383693045564 0.035099193372574645 0.05515587529976017
0 0.37480924351427947 0.45323741007194246 0.03008502289077832 0.062350119904076705
0 0.4619304556354916 0.448441247002398 0.04387399171571836 0.05755395683453237
0 0.49640287769784175 0.46402877697841727 0.050141704817963845 0.05515587529976017
0 0.47822650970132985 0.619904076738609 0.021310224547634676 0.050359712230215764
0 0.9600493071018892 0.9022281914957202 0.07990138579622183 0.1737609790097611
0 0.8154381776339404 0.8441247002398081 0.11910395500627204 0.3117505995203837
0 0.19555264879005885 0.5119904076738608 0.025070852408981922 0.05515587529976017
0 0.38671789840854587 0.3465227817745803 0.03133856551122733 0.04556354916067143
