0 0.23071528751753156 0.6861444735310414 0.46143057503506313 0.5863670685486253
0 0.5848527349228612 0.5433258125495457 0.21037868162692852 0.270992133666687
0 0.7805109866705382 0.8890481126897981 0.22020850910545234 0.22190377462040373
0 0.8695652173913043 0.6680895176535153 0.17952314165497896 0.18781633026404038
0 0.7692847124824683 0.7821208610281115 0.06591865357643754 0.1261052503201414
0 0.7791023842917251 0.3434355753399598 0.07433380084151481 0.11805597902311117
0 0.6858405799384204 0.15160541967387814 0.23280691866453357 0.3032108393477563
0 0.6339410939691444 0.3313616683944143 0.13464235624123425 0.11537288859076768
0 0.7405329185058409 0.5460067409325944 0.10659186535764378 0.15293615464357585
0 0.12903225806451613 0.3072138545033234 0.12622720897615708 0.13147143118482835
