0 0.2980364656381487 0.3206293066650406 0.049088359046283295 0.11537288859076775
0 0.5511921458625525 0.3823403866089396 0.13183730715287517 0.2387950484785658
0 0.6255259467040674 0.19184096591255564 0.0701262272089761 0.14220379291420207
0 0.2019635343618513 0.642600158546253 0.08976157082748946 0.1636685163729497
0 0.23913043478260868 0.4346606500396366 0.11079943899018233 0.1878163302640406
0 0.5575035063113605 0.770046954082566 0.08555399719495092 0.14488688334654554
0 0.7622720081196763 0.8787077924938856 0.07994389901823283 0.19586560156107086
0 0.37097381977011745 0.9520910086280422 0.15005797055794182 0.09581798274391477
0 0.8562412342215989 0.042929446917494965 0.04908835904628333 0.08049271297030305
0 0.14516129032258063 0.8465150314043539 0.05469845722300141 0.08854198426733319
0 0.03506311360448808 0.7746864577983748 0.07012622720897616 0.14343352904878912
0 0.7819074333800842 0.7566315019208488 0.10238429172510508 0.09659125556436365
0 0.8260869157007918 0.6479641773616447 0.03646563814866766 0.06707726080858585
