0 0.6690042075736327 0.8129764010000611 0.12342215988779813 0.2307457771815355
0 0.8043478260869565 0.8250503079456064 0.13043478260869576 0.2173303250198184
0 0.19004815357095897 0.9158790170132326 0.14444787238122372 0.1682419659735349
0 0.43899018232819076 0.489664003902677 0.0701262272089761 0.08317580340264655
0 0.5792426469513798 0.2200177395507513 0.036465638148667594 0.06439417037624245
0 0.5813464337676489 0.1260987641722571 0.029453015427769954 0.06439417037624244
0 0.19705469845722298 0.1730593328861516 0.043478260869565195 0.06171107994389901
0 0.2952314165497896 0.1502530642112324 0.032258064516129004 0.05366180864686873
0 0.2650771388499299 0.15293615464357582 0.025245441795231437 0.059027989511555586
0 0.10168302945301542 0.7526068662723339 0.20336605890603085 0.20123178242575776
0 0.03927068723702665 0.9329887933066374 0.0785413744740533 0.13270116731941542
0 0.10799438990182328 0.42795292395877793 0.04207573632538569 0.08317580340264648
0 0.5469845722300141 0.5540581742789195 0.10098176718092575 0.20123178242575768
0 0.5483870559532463 0.7244236064862537 0.09537166900420749 0.13952070248185863
0 0.07152875175315568 0.5808890786023538 0.0364656381486676 0.05634489907921214
0 0.037868162692847124 0.5755228977376668 0.030855539971949505 0.07244344167327277
0 0.014025245441795236 0.5399095588204397 0.028050490883590472 0.07099008737551635
0 0.5525946704067322 0.08854198426733337 0.10378681626928461 0.1717177876699799
0 0.8639551192145862 0.1287883407524849 0.03366058906030858 0.06439417037624245
