0 0.17988336603444516 0.9292565947242207 0.04387399171571835 0.10791366906474806
0 0.13539130604030625 0.9664268585131894 0.057680366604266314 0.06714628297362112
0 0.17173533900152604 0.8021582733812949 0.05515587529976019 0.07913669064748191
0 0.20871484630477435 0.8225419664268585 0.04638107695661652 0.08153477218225419
0 0.05014212211942825 0.4813649218066067 0.09777632439502942 0.06364909293268518
0 0.4136690647482014 0.43405275779376495 0.035099193372574645 0.08633093525179852
0 0.2820470896010464 0.6774580335731415 0.035099193372574645 0.08393285371702625
0 0.07646609984739482 0.7673860911270984 0.15293219969478963 0.46522781774580335
0 0.5703705953361422 0.9436450839328537 0.05768036660426624 0.11270983213429248
0 0.8129215547583093 0.7182254196642686 0.04387399171571829 0.08872901678657072
0 0.22439283209219205 0.0815347721822542 0.11029434453591247 0.1630695443645084
0 0.4168029212993241 0.7745803357314148 0.08649444081098757 0.18225419664268586
0 0.3440974493132767 0.8297362110311751 0.05640941792020929 0.11510791366906488
0 0.8699585785916721 0.6582733812949642 0.07771964246784392 0.146282973621103
0 0.624890996293874 0.407673860911271 0.03885982123392196 0.08153477218225419
0 0.5973130586439939 0.4412470023980815 0.028831480270329238 0.07194244604316545
0 0.6330390233267932 0.3513189448441247 0.040113363854370976 0.06474820143884895
0 0.8003869631567474 0.14628297362110312 0.04136690647482013 0.08633093525179855
0 0.7746893394375408 0.2745803357314149 0.035099193372574715 0.06954436450839331
0 0.7477381730978853 0.7206235011990408 0.10153695225637677 0.17026378896882485
0 0.9587965990843688 0.5760891225984056 0.0824068018312623 0.1715627619974333
0 0.9638107695661653 0.3446742544928901 0.0723784608676695 0.15477619125402803
0 0.2011935905820798 0.697841726618705 0.09150861129278397 0.11990407673860908
0 0.3710486156529322 0.5071942446043165 0.0752125572269457 0.1318944844124701
0 0.35664101289632383 0.3705032996467705 0.08901780080899896 0.17506054698943177
