0 0.14980704617547083 0.9280575539568346 0.15918250673342718 0.1438848920863309
0 0.5879201920224297 0.949640287769784 0.06265972495884675 0.10071942446043167
0 0.6092217135382603 0.8489208633093526 0.07270547198604753 0.12470023980815355
0 0.2275196548173685 0.5179856115107913 0.10404403749727485 0.09592326139088732
0 0.24694789622847174 0.38609112709832133 0.03509919337257468 0.062350119904076774
0 0.2789132330499237 0.36091127098321346 0.031338565511227365 0.05995203836930457
0 0.14039677349029867 0.40287769784172667 0.032592108131676484 0.05755395683453237
0 0.5446642685851318 0.38729016786570747 0.05139524743841285 0.09352517985611514
0 0.19680619141050795 0.07194244604316548 0.06769130150425112 0.08633093525179858
0 0.5546926095487247 0.06354916067146284 0.07145192936559837 0.1223021582733813
0 0.9656910834968389 0.5808852856679501 0.06861783300632211 0.10181853296659554
0 0.9301302935790862 0.4244603622437188 0.0752117226240168 0.06235006040897061
