0 0.1921458625525947 0.7163851454356973 0.20196353436185135 0.31123849015183863
0 0.4453015427769986 0.1515946094274041 0.06872370266479656 0.13683761204951522
0 0.546984572230014 0.6868711506799196 0.06451612903225815 0.2039148728581011
0 0.3176717786409516 0.7633705777164819 0.06311358407760466 0.12606417138354079
0 0.40883590462833097 0.8290749435941217 0.10518934081346423 0.1985486919934142
0 0.4523141654978962 0.4386852856881516 0.12762973352033655 0.2119641441551314
0 0.2230014025245442 0.16635160680529298 0.17110799438990182 0.17708396853466674
0 0.3295932678821879 0.917616927861455 0.09817671809256659 0.15561924507591926
0 0.6269284712482468 0.8089517653515458 0.06451612903225815 0.1958656015610707
0 0.8338008415147266 0.25221050064028294 0.0939691444600281 0.12342215988779806
0 0.08134642356241234 0.21464723458747487 0.08976157082748948 0.1287883407524849
