0 0.0889996481952958 0.4388488811999051 0.1027917467812191 0.17266206882061824
0 0.17925534281982727 0.47721826508306847 0.11783300632221497 0.1678657074340527
0 0.32529389270507586 0.288968824940048 0.10655112273817319 0.22302158273381298
0 0.49326902114671894 0.5215827338129496 0.028831480270329165 0.04556354916067136
0 0.552812295618051 0.4244604316546763 0.03760627861347281 0.105515587529976
0 0.566601264442991 0.24100719424460432 0.037606278613472884 0.10791366906474821
0 0.919472886147215 0.3285371603479379 0.1441603224618975 0.14388507057164987
0 0.8348612630756872 0.2613909071218699 0.09276507502348369 0.1103119092531371
0 0.8724644119281768 0.4412470222297836 0.05766296054065833 0.06714628297362112
0 0.8474039317568567 0.8057552568615384 0.3008336574471039 0.3884894862769228
