0 0.22814475692173533 0.4292565947242206 0.0626771310224548 0.10071942446043167
0 0.1961794201002834 0.44244604316546765 0.026324395029431003 0.06954436450839324
0 0.13099520383693045 0.4520383693045564 0.08900152605188577 0.09832134292565947
0 0.19053847830826245 0.19904076738609114 0.1278613472858077 0.18705035971223027
0 0.3911052975801177 0.2805755395683453 0.035099193372574715 0.07194244604316545
0 0.3779431000654022 0.40767386091127095 0.03384565075212549 0.062350119904076774
0 0.46067691301504254 0.4088729016786571 0.04387399171571836 0.05995203836930457
0 0.48825485066492263 0.42326139088729015 0.05139524743841292 0.05515587529976017
0 0.6129823413996075 0.237410071942446 0.0752125572269457 0.12949640287769784
0 0.5797634619577066 0.3057553956834532 0.06643775888380211 0.10311750599520388
0 0.41680292129932417 0.4004796163069544 0.03384565075212549 0.0479616306954437
0 0.4149226073686505 0.2577937649880096 0.030085022890778176 0.05035971223021583
0 0.559706780030521 0.3920863309352518 0.03384565075212556 0.031175059952038425
0 0.480733594942228 0.5827338129496402 0.023817309788532838 0.05755395683453237
0 0.480733594942228 0.49040767386091133 0.03384565075212556 0.05035971223021583
0 0.8054011336385437 0.8201438848920864 0.131621975147155 0.3117505995203838
0 0.9581698277741444 0.895033966723106 0.08366034445171139 0.15457632673158359
