0 0.13914323086984956 0.7805755395683454 0.2281447569217353 0.3189448441247002
0 0.6443209069108349 0.46642685851318944 0.07019838674514929 0.15107913669064743
0 0.8392467843906692 0.5035971223021584 0.20182036189230432 0.407673860911271
0 0.27577937649880097 0.7410071942446044 0.0777196424678439 0.14868105515587543
0 0.2557313976034194 0.935251798561151 0.1529147936311817 0.1294964028776978
0 0.3867183157100103 0.7362110708384643 0.05139524743841292 0.07673860911270979
0 0.28768803139306737 0.3273381294964029 0.04888816219751469 0.0503597122302158
0 0.3052376280793547 0.23621103117505995 0.07897318508829301 0.12230215827338131
0 0.26137233939544025 0.06834537332026243 0.15166125101073258 0.13669074664052486
0 0.3760714891665325 0.026378896882494004 0.05012429875435586 0.05275779376498801
0 0.8436341835622412 0.9640287769784173 0.04512753433616737 0.06235011990407685
0 0.8097972358419195 0.9700239808153478 0.052666196122469984 0.05995203836930457
