0 0.3246844319775596 0.1556192450759193 0.25666199158485276 0.2897737666930911
0 0.2482468443197756 0.4762485517409598 0.07854137447405332 0.14756997377888895
0 0.9144460028050492 0.4486909702686473 0.17110799438990185 0.2319755133161226
0 0.39971949509116383 0.3555094822855052 0.05049088359046286 0.11003265231761816
0 0.23352033660589058 0.36624184401487897 0.08274894810659188 0.12073906945545466
0 0.18302944281019098 0.5084434748797863 0.06030855539971951 0.08317580340264655
0 0.07994389901823282 0.5164949082261114 0.08695652173913043 0.10464052686139404
0 0.042776998597475455 0.44405146655283856 0.06872370266479663 0.08854198426733341
0 0.03155680224403927 0.3279519008131927 0.06311360448807854 0.2480740559101832
0 0.062412342215988764 0.1059820720775657 0.12482468443197753 0.2119641441551314
