0 0.1935483870967742 0.480273187389475 0.058906030855539984 0.06976035124092939
0 0.06732117812061711 0.31794621623269714 0.053295932678821885 0.04561253734983836
0 0.10518926937680659 0.5366159244193924 0.0785413744740533 0.18245014939935367
0 0.1584852734922861 0.22806268674919203 0.13744740532959326 0.11805597902311117
0 0.03506311360448808 0.5855285823181625 0.07012622720897616 0.37686239666266813
0 0.05539971949509116 0.7693202769336878 0.11079943899018233 0.12733498645472863
0 0.3828892005610098 0.504421001280566 0.2328190743338008 0.3649002987987073
0 0.6626928471248246 0.3555094822855052 0.11079943899018233 0.1207390694554546
0 0.5077138849929874 0.40380511006768705 0.07854137447405335 0.11000670772608089
0 0.2335203366058906 0.1489115189950607 0.06872370266479663 0.104640526861394
0 0.32328191763861697 0.03622172083663638 0.09116409537166895 0.07244344167327275
0 0.6900420757363254 0.5299103603878286 0.10939691444600279 0.2602597719373133
