0 0.16233376934815782 0.44244604316546765 0.07395901460649662 0.15107913669064743
0 0.20747000671612922 0.04436450839328537 0.10904080191546338 0.08872901678657075
0 0.1460377152823196 0.07074340527577937 0.07145192936559845 0.13669064748201437
0 0.15355897100501414 0.15227817745803357 0.058916503161107484 0.08872901678657072
0 0.14290385873119685 0.2793764988009592 0.07270547198604753 0.08393285371702638
0 0.7232940919991279 0.10911270983213427 0.10780466535862232 0.13189448441247
0 0.09714955308480487 0.46043165467625896 0.09150861129278395 0.105515587529976
0 0.3716753869631567 0.1918465227817746 0.026324395029431003 0.04796163069544363
0 0.4036407237846087 0.07793764988009592 0.04262044909526921 0.10791366906474821
0 0.4556714455650501 0.06714628297362112 0.07644869378378694 0.13429256594724223
