0 0.17925659472422062 0.5083932853717026 0.08273381294964027 0.0959232613908872
0 0.2720187486374537 0.17386091127098321 0.04262044909526924 0.09832134292565947
0 0.5434107259646828 0.4556354916067146 0.06643775888380211 0.11990407673860914
0 0.07583932853717026 0.1510791366906475 0.15167865707434053 0.302158273381295
0 0.41116197950730327 0.30455635491606714 0.07771964246784392 0.15827338129496407
0 0.34096359276215393 0.3273381294964029 0.057662960540658406 0.11270983213429261
0 0.5026705908000872 0.4160671462829736 0.022563767168083757 0.07434052757793765
0 0.7251744059298016 0.3129496402877698 0.09150861129278397 0.1462829736211031
0 0.7928657074340526 0.3453237410071942 0.03885982123392196 0.09112709832134293
0 0.8442609548724656 0.30695443645083936 0.07395901460649654 0.12470023980815345
0 0.46945171135818614 0.2314148681055156 0.018803139306736442 0.05515587529976017
0 0.19241879223893613 0.1486810551558753 0.09902986701547853 0.1342925659472422
0 0.1936723348593852 0.3537170263788969 0.0313385655112274 0.08393285371702636
0 0.15481251362546328 0.38129496402877694 0.053902332679311084 0.07673860911270985
0 0.21435578809679526 0.26378896882494 0.04011336385437101 0.07673860911270985
0 0.17612273817309787 0.22781774580335729 0.03885982123392196 0.06235011990407674
0 0.9251144538914323 0.7098321342925658 0.07771964246784392 0.0863309352517986
