0 0.6065919061785912 0.8330930930947524 0.11921458625525942 0.2763583145313738
0 0.6339410939691444 0.5285688151716568 0.07012622720897617 0.13952070248185863
0 0.7987377279102383 0.19989023720958596 0.07994389901823283 0.13147143118482835
0 0.056802244039270686 0.3152631258003537 0.04628330995792426 0.11537288859076775
0 0.25105193422908195 0.14488472129725075 0.06171107994389903 0.10732361729373745
0 0.899719495091164 0.480273187389475 0.06311360448807861 0.10732361729373743
0 0.28892002548527135 0.6519909750594549 0.10659186535764383 0.13415452161717176
0 0.9347826086956522 0.12672011838743502 0.13043478260869562 0.22124315158674882
0 0.14656381486676018 0.6654064272211722 0.06591865357643759 0.08049271297030301
0 0.26998597475455816 0.5017379108482224 0.049088359046283295 0.08049271297030308
0 0.12903225806451613 0.536618086468687 0.1402524544179523 0.1717177876699798
0 0.47265077138849926 0.7968778584060004 0.04207573632538569 0.11805597902311121
0 0.5701262272089761 0.6479663394109397 0.03506311360448798 0.06707726080858585
0 0.3863955119214586 0.2387950484785658 0.03786816269284721 0.0751265321056162
0 0.16129036340159242 0.8210213481985016 0.05329593267882189 0.12342215988779813
0 0.0967741731379135 0.7740564553860176 0.036465638148667615 0.061711079943899134
0 0.8366058906030855 0.5017379108482224 0.10238429172510521 0.1609854259406061
0 0.9431977559607293 0.6104030733581317 0.09396914446002824 0.270992133666687
