0 0.35063113604488083 0.6824501493993536 0.5357643758765779 0.6350997012012926
0 0.1788218793828892 0.283680908679526 0.3576437587657784 0.567361817359052
0 0.7005670876523054 0.799164583206293 0.22579429594363595 0.40167083358741384
0 0.5890596145992967 0.7500967397835736 0.05329593267882189 0.08854198426733341
0 0.6065907223711213 0.6750069625159688 0.04067321178120608 0.07244344167327277
0 0.6311351366147097 0.6199214507797264 0.036465638148667524 0.08049271297030308
0 0.9102384291725104 0.6204087579386273 0.17952314165497896 0.3232005880157994
0 0.6669004207573633 0.47893164217330325 0.1248246844319776 0.15830233550826273
0 0.5336605482393613 0.21731519067475474 0.18934081346423562 0.24684431977559612
0 0.6739130536834976 0.1475570014831202 0.13884992987377268 0.11268979815842428
0 0.6718092566619915 0.2508689554241112 0.0701262272089761 0.1368376120495152
0 0.7524544179523142 0.2978230379901214 0.13043478260869562 0.17708396853466674
0 0.7138849929873773 0.06439417037624245 0.0925666199158485 0.11805597902311117
0 0.947405329593268 0.8957558387706568 0.10518934081346415 0.20848832245868634
