0 0.06171107994389901 0.2072128313577381 0.12342215988779802 0.3153749348819383
0 0.09817671809256662 0.14086224769803038 0.08415147265077139 0.1744008781023233
0 0.1956521739130435 0.5634489907921215 0.07152875175315566 0.13952070248185863
0 0.6521739130434783 0.18379169461552536 0.047685834502103785 0.09927434599670713
0 0.8043478260869565 0.5822306238185255 0.0939691444600281 0.14488688334654554
0 0.6360509586200473 0.9601500091468992 0.06312576015734578 0.07969998170620159
0 0.6984572230014026 0.12878834075248494 0.0925666199158485 0.16098542594060616
0 0.8948167370211695 0.9292944691749497 0.14587470826393756 0.1414110616501006
0 0.9502164565162604 0.9158790170132326 0.08837120195257697 0.1682419659735349
0 0.929172510518934 0.49430350761848574 0.14165497896213183 0.29636968369236505
0 0.3464235624123422 0.6479663394109397 0.05329593267882185 0.08317580340264655
0 0.37447405329593264 0.8733459357277883 0.04207573632538569 0.07780962253795963
0 0.1795231620654526 0.8008873597094519 0.05329593267882189 0.07780962253795963
0 0.08625525946704066 0.5272272699554851 0.04628330995792426 0.10464052686139404
