0 0.18301722258556793 0.7062350119904076 0.04262044909526924 0.04076738609112723
0 0.17424242424242423 0.7470023980815347 0.04512753433616741 0.05995203836930457
0 0.22062350119904076 0.6894484412470024 0.03509919337257468 0.10311750599520372
0 0.24506758229779813 0.5911270983213429 0.0313385655112274 0.07434052757793765
0 0.2068345323741007 0.5719424460431655 0.04262044909526924 0.055155875299760314
0 0.19304556354916066 0.8369304556354916 0.07771964246784391 0.09112709832134286
0 0.3014770002180074 0.48561151079136694 0.03635273599302373 0.08393285371702638
0 0.42307063440156967 0.2458033573141487 0.03635273599302373 0.08393285371702636
0 0.07521255722694573 0.2877697841726619 0.10529758011772401 0.07673860911270985
0 0.08900152605188576 0.5143884892086331 0.15794637017658597 0.419664268585132
0 0.57349658345839 0.726618843857886 0.0739590146064966 0.14388489208633096
0 0.8329790712884239 0.5539568345323741 0.05139524743841292 0.08633093525179845
0 0.8893884892086331 0.4988009592326139 0.08148027032919117 0.13429256594724223
0 0.4374863745367342 0.577937649880096 0.08022672770874209 0.16306954436450843
0 0.3679147591018095 0.6187050359712231 0.05640941792020932 0.12470023980815355
0 0.605461085676913 0.2314148681055156 0.032592108131676484 0.04556354916067143
0 0.6292783954654458 0.2014388489208633 0.04262044909526921 0.07194244604316545
0 0.6430673642903858 0.12589928057553956 0.037606278613472884 0.05515587529976019
0 0.7583932853717027 0.5479616306954437 0.10529758011772387 0.15587529976019185
0 0.5315020710704164 0.6762589928057554 0.02507085240898185 0.08153477218225412
0 0.973839110529758 0.42860710820991643 0.05232177894048391 0.1451838651149393
0 0.22751798561151076 0.4916067146282974 0.09902986701547853 0.13429256594724215
0 0.3810769566165249 0.3213429256594724 0.06518421626335297 0.11510791366906471
0 0.3641545485419267 0.17745813273165198 0.09401569653368216 0.1486810551558753
