0 0.05049088359046284 0.22001341545216171 0.07012622720897616 0.09659125556436368
0 0.11009817671809255 0.4507591926336972 0.08835904628330996 0.18245014939935358
0 0.14866760168302945 0.1207390694554546 0.1318373071528752 0.10732361729373743
0 0.034361922769055975 0.46613105807887967 0.06872384553811195 0.37171983396115055
0 0.05960729312762973 0.887376255956799 0.11921458625525946 0.1970953376956578
0 0.37447405329593264 0.4091712909323739 0.21879382889200563 0.38368193182511134
0 0.1640953716690042 0.9199036526617477 0.12622720897615708 0.1601926946765046
0 0.6486676016830295 0.2642844075858284 0.12482468443197746 0.11537288859076775
0 0.5126227208976156 0.29513994755777795 0.06030855539971945 0.09122507469967676
0 0.9628330995792426 0.8068835429864959 0.07433380084151481 0.11660262472535479
0 0.4866820946649281 0.9453930117690104 0.09538382467347475 0.10921397646197946
0 0.34431977559607296 0.8881029331056771 0.049088359046283364 0.1287883407524849
0 0.22721505399171632 0.05366180864686872 0.07852921880478611 0.10732361729373743
0 0.6774193548387096 0.4306360143911214 0.10098176718092561 0.25489359107262644
0 0.19845722300140253 0.3702664796633941 0.060308555399719486 0.08049271297030308
