0 0.46563814866760167 0.7378498688944448 0.11500701262272088 0.1663516068052931
0 0.7482468443197756 0.5661320812244649 0.15287517531556802 0.2575766815049698
0 0.7138849929873774 0.4266113787426063 0.1206171107994389 0.12342215988779806
0 0.7363253856942497 0.30989694493566683 0.05610098176718083 0.061711079943898996
0 0.879382889200561 0.44807610220135374 0.10659186535764377 0.17708396853466674
0 0.6977620385639463 0.9172205622294043 0.16130247824991237 0.16555887554119153
0 0.5799499768528664 0.9695408256601012 0.06590649790717037 0.06091834867979756
0 0.605890603085554 0.21733032501981828 0.061711079943898996 0.10195743642905057
0 0.20546984572230018 0.15964388072443442 0.035063113604488085 0.05634489907921214
0 0.15497896213183732 0.19184096591255567 0.09396914446002808 0.11537288859076776
0 0.03155680224403927 0.17574242331849504 0.06311360448807854 0.09927434599670713
