0 0.6311421227154189 0.8394109396914446 0.2524665736215813 0.32117812061711076
0 0.19074333800841514 0.8256651760129 0.3814866760168303 0.32879038704365543
0 0.11079943899018233 0.5755228977376668 0.12622720897615708 0.17976705896701012
0 0.8092627398262183 0.9091712909323739 0.12621505330689003 0.18165741813525216
0 0.6640953716690042 0.6157692542228185 0.1584852734922861 0.12073906945545466
0 0.7370266479663394 0.43600219525580836 0.26788218793828883 0.30855539971949514
0 0.8513324850614833 0.6815060508398801 0.11220205538149307 0.15563870351957204
0 0.9039270687237027 0.6654064272211719 0.05469845722300135 0.06439417037624245
0 0.9256661991584854 0.7110189645710104 0.061711079943898996 0.06439417037624252
0 0.9565217391304347 0.5714982620891518 0.04207573632538569 0.06439417037624252
