0 0.1930455635491607 0.47362110311750605 0.12535426204490954 0.22302158273381295
0 0.6349193372574667 0.35011990407673865 0.10905820797907133 0.2206235011990408
0 0.7540058862001309 0.4352517985611511 0.11156529321996941 0.15107913669064757
0 0.40489426640505777 0.5935251798561151 0.037606278613472884 0.09352517985611514
0 0.4161761499890996 0.6654676258992805 0.035099193372574645 0.0647482014388489
0 0.4512753433616743 0.6079136690647482 0.05515587529976017 0.07434052757793758
0 0.3716753869631567 0.802158273381295 0.07897318508829301 0.10791366906474821
0 0.2356660126444299 0.9100719424460432 0.13036843252670585 0.17505995203836933
0 0.11281883584041857 0.7913669064748201 0.0501417048179638 0.08153477218225419
0 0.0539023326793111 0.8441247002398081 0.057662960540658385 0.06714628297362112
0 0.12410071942446044 0.6666666666666667 0.06017004578155657 0.09592326139088726
0 0.11407237846086765 0.5263788968824941 0.06017004578155658 0.10791366906474814
0 0.08461412688031393 0.26673660461279414 0.16922825376062786 0.21213028356611585
0 0.0382330499236974 0.4238109451403721 0.0764660998473948 0.1499800281844837
0 0.29458251580553735 0.7038369304556354 0.03259210813167652 0.06474820143884884
0 0.8329790712884239 0.6858513189448442 0.023817309788532696 0.052757793764988035
0 0.9620939611946807 0.33932853717026373 0.03885982123392196 0.09352517985611505
0 0.7521255722694571 0.6282973621103117 0.08524089819053855 0.1342925659472423
0 0.5221005014170482 0.23501199040767384 0.0890015260518858 0.13908872901678657
0 0.4995367342489645 0.10791366906474821 0.10655112273817302 0.12470023980815348
0 0.408663597298209 0.04436450839328537 0.07272287804965544 0.08872901678657075
