0 0.37447405329593264 0.2642844075858284 0.23562412342215985 0.3997804744191719
0 0.31837914936338535 0.9145374717970608 0.08694436606986318 0.17092505640587846
0 0.3955179992932591 0.9105128361485457 0.1009696115116585 0.17897432770290864
0 0.4922921928416462 0.8662418440148789 0.10660402102691094 0.2675163119702421
0 0.7209036935429084 0.9333191048234649 0.18231603507407074 0.13336179035307028
0 0.16129032258064516 0.7821208610281115 0.13744740532959326 0.17440087810232327
0 0.05399719495091164 0.6888275639633847 0.10799438990182328 0.17026443337222352
0 0.09046283309957925 0.2951399475577779 0.0967741935483871 0.2039148728581011
0 0.018934081346423562 0.3856383451085766 0.037868162692847124 0.34734840190689026
0 0.1837307152875175 0.22135496066833343 0.05610098176718093 0.09390816513202026
0 0.6753155680224404 0.09659125556436368 0.1079943899018233 0.1502530642112324
0 0.5112201963534362 0.13952070248185866 0.06591865357643754 0.08585889383498994
0 0.6830294530154277 0.2669674980181718 0.12061711079943904 0.28709067626074763
0 0.9600280504908835 0.6016271249122231 0.07994389901823283 0.14075043861644573
0 0.024544179523141654 0.025489359107262643 0.04908835904628331 0.050978718214525286
