0 0.3758765778401122 0.5621074455759498 0.22720897615708277 0.37831575096042436
0 0.7026647966339411 0.603695347277273 0.10378681626928482 0.2683090432343436
0 0.19424964936886396 0.5138118177937678 0.049088359046283295 0.07244344167327277
0 0.15708882678274017 0.9252698335264345 0.10379897193855189 0.1494603329471309
0 0.23562412342215985 0.1945240563448991 0.06171107994389903 0.08854198426733335
0 0.6633941093969145 0.4212451978779194 0.12061711079943883 0.10732361729373743
0 0.5133239831697055 0.4386852856881518 0.06451612903225808 0.08854198426733341
0 0.10168302945301544 0.6010122568449296 0.08835904628330997 0.15561924507591926
0 0.029453015427769985 0.6351657553165161 0.05890603085553997 0.35808076363626395
0 0.05049088359046284 0.8310313568775868 0.10098176718092568 0.14879970991347605
0 0.3183730715287517 0.06707726080858589 0.08695652173913039 0.10195743642905056
0 0.15778401122019634 0.2696505884505153 0.14446002805049088 0.13147143118482835
0 0.06661991584852735 0.37563266052808103 0.04908835904628331 0.05366180864686875
