0 0.3737727910238429 0.6667479724373438 0.11640953716690039 0.18513323983169713
0 0.5518934081346423 0.48966400390267695 0.08274894810659184 0.1529361546435758
0 0.5539971949509116 0.10195743642905057 0.1346423562412342 0.19854869199341427
0 0.24053295932678823 0.12342215988779805 0.09677419354838712 0.20391487285810111
0 0.2103786816269285 0.33538630404292946 0.08695652173913046 0.15025306421123244
0 0.36816269284712483 0.4883224586865053 0.07994389901823283 0.15561924507591918
0 0.7272089761570828 0.5768644429538387 0.07152875175315572 0.1502530642112324
0 0.97054698457223 0.41246924943201096 0.058906030855540054 0.13806734818410235
0 0.9712482468443199 0.5533314971300414 0.05750350631136044 0.14075043861644565
0 0.04488078541374474 0.44539301176901036 0.08415147265077139 0.1073236172937375
0 0.7482468443197756 0.7458991401914752 0.05469845722300135 0.06976035124092932
