0 0.36478090255068674 0.9232613908872902 0.11031175059952038 0.14388489208633104
0 0.230025070852409 0.7541966426858514 0.10655112273817313 0.16546762589928052
0 0.1635960150004108 0.12829749101637541 0.1917746148651036 0.25659498203275083
0 0.842381415245771 0.09232632748989897 0.15796377624019398 0.18465265497979794
0 0.8674502414463805 0.5035971024704562 0.047634619577065676 0.09112709832134286
0 0.3942391541312405 0.6067146282973621 0.04888816219751469 0.08633093525179845
0 0.42119902350269994 0.960431654676259 0.06265972495884682 0.07913669064748191
0 0.683189431176561 0.9688249400479617 0.052666196122469984 0.062350119904076705
0 0.6913287551776759 0.8908872901678657 0.04136690647482013 0.05515587529976017
0 0.7684199571294377 0.4880095724944369 0.08774798343143672 0.16067146282973624
0 0.27577937649880097 0.34772182254196643 0.14791802921299324 0.24940047961630696
0 0.9106987137562678 0.5263788968824941 0.07897318508829301 0.09832134292565947
0 0.2858077174623937 0.1594724220623501 0.08022672770874209 0.15587529976019182
0 0.8737192064530194 0.7002398081534773 0.08273381294964026 0.08153477218225405
