0 0.3541374474053296 0.35282639185316184 0.1079943899018233 0.147569973778889
0 0.5077138849929874 0.2253795963168486 0.07293127629733519 0.12342215988779806
0 0.6683029453015428 0.32733703274589915 0.07713884992987374 0.1287883407524849
0 0.18654184221051018 0.060369534727727305 0.08133426789314516 0.12073906945545461
0 0.16690047178354728 0.11806246517099553 0.04768583450210376 0.06439417037624247
0 0.14446002805049088 0.1797670589670102 0.036465638148667594 0.059027989511555586
0 0.35063113604488083 0.22001341545216171 0.07293127629733523 0.1341545216171718
0 0.858345021037868 0.31392158058418196 0.056100981767180966 0.08585889383498994
0 0.8716690042075738 0.21867187023599002 0.06591865357643754 0.08854198426733337
0 0.8155680224403926 0.22537959631684856 0.03786816269284699 0.0751265321056162
0 0.8660589060308556 0.7056527837063236 0.08555399719495099 0.20928105372278785
0 0.670406783143996 0.4883116484400313 0.03927068723702675 0.08049271297030308
0 0.7019635343618513 0.37563266052808103 0.03786816269284714 0.08049271297030308
