0 0.1858345021037868 0.3555094822855052 0.04628330995792428 0.1261052503201415
0 0.1241234221598878 0.25891822672114156 0.060308555399719486 0.08317580340264655
0 0.08134642356241234 0.8296898116614152 0.16269284712482468 0.19441224726331455
0 0.28471248246844316 0.4856393682541619 0.0925666199158485 0.20391487285810114
0 0.37307152875175315 0.43734374047198005 0.07293127629733519 0.09659125556436372
0 0.7903225806451613 0.24818586499176779 0.07433380084151481 0.11537288859076775
0 0.8450210378681626 0.21598877980364656 0.0546984572230015 0.07244344167327274
0 0.676718041540436 0.4802796735373594 0.06030855539971938 0.10732361729373735
0 0.812061711079944 0.5929629855478993 0.039270687237026605 0.06976035124092932
0 0.042776998597475455 0.12940320881977846 0.08555399719495091 0.22660933245143566
